160706384
972881841
331597227
660151691
475961105
252110224
657156801
974802079
527188530
718212830
883764549
729534188
577038713
315679649
826444322
839985797
825551534
729950414
768800929
15964034
769081392
969347118
227780613
201545335
25874417
604878960
881595622
162185421
660505751
57557679
313897639
447960974
512925047
386029020
213563769
592069231
392712768
575152917
724667025
220182813
101269418
340966749
690997548
644456114
876181245
770845416
348863093
316946518
857075908
445418642
92264969
806555292
161126122
8152746
541031942
196483561
240497747
388990235
800209377
275277759
782734849
380017136
843651935
901680376
793498019
636321629
253837357
85740765
607176032
833392521
935460916
900865660
311950955
576769742
509195206
415617309
702706177
754075208
704929970
827976177
272917048
38773308
7715966
410458315
163925826
413855285
2725123
145519570
462202489
389760051
642053451
628235041
955463669
824732846
878738782
901908764
372220107
980609326
858048883
590496120
