646561276
583371188
18660523
888039208
365694910
463839517
107370334
950674647
956807079
434050193
269983287
9525303
567645452
38254103
173705418
632417634
473619433
411427740
600360861
560682999
575006476
881886197
636897912
339681437
651977541
94207063
211362830
144898834
276887585
32053478
922513625
425833413
248630356
901631034
207332591
236554019
682649673
598851889
287712681
489177393
584873008
684965237
622064142
372688131
488017233
359977145
810651044
286847884
952028184
454755359
773302103
37782034
685757595
445295762
404483403
650458124
675871157
689072548
452498167
124215720
398429244
628494125
743776330
600453701
634871255
390670569
717446037
302060748
317962033
420962218
810023277
765057851
587351426
313771327
595351724
512943716
221114556
914234087
684447293
161600033
43983390
863527340
148866653
6711733
233641410
932795062
453318606
908849747
563086518
179453824
925751562
414478863
722288977
991371827
246807925
136359457
234525151
889150309
242776075
993520145
