run,time,rmse_c0_imputation,rmse_c0_forecast,rmse_c0_overall,rmse_c1_imputation,rmse_c1_forecast,rmse_c1_overall
0,24.90767741203308,0.043602005885639644,0.05555682775803324,0.04991995147882831,0.04772901842123924,0.05152740021734872,0.04965862299176463
1,23.562739372253418,0.037132606112438876,0.058704860026438196,0.04908487768674331,0.03356817803398906,0.0744105040753399,0.057662843592305314
2,23.694612979888916,0.0457374263194973,0.05725785339938407,0.05180095330207544,0.051362882152617424,0.07930760723447847,0.06677000329601582
3,23.131499767303467,0.05916142748902391,0.0813054679514526,0.07106674178478349,0.03920300201688849,0.05884608681465334,0.049968676900552074
4,23.192683458328247,0.040284145806553956,0.11879465196462848,0.08858914743005215,0.0532663854200706,0.1768176571528435,0.13040941974384218
5,23.183318376541138,0.037981095634308445,0.04153528698608768,0.039792356461726304,0.03508863713064509,0.0410594370402074,0.038181627938986794
6,23.672653675079346,0.04719468171106697,0.08529598040462644,0.06887313043481588,0.050195008357342474,0.09744321675408951,0.07743703372604194
7,23.216718912124634,0.05234003968999296,0.0942116534275655,0.07614525271750895,0.03825504784739638,0.08896593163143278,0.06840426734658629
8,23.365418672561646,0.04755811752142872,0.12393456413790768,0.09375699170405932,0.03725873034238892,0.16306774641749833,0.11811178872808803
9,23.45223569869995,0.029779063729559522,0.040064129610636566,0.03528235602255906,0.02546418391811793,0.02224299911747785,0.02391290871555533
10,23.0542631149292,0.06121175267927979,0.4139511531970107,0.295449056931231,0.04620518830618722,0.5523185577252276,0.3913099985382599
11,22.89959454536438,0.05812382671796262,0.06748254380369975,0.0629627306891195,0.04086730601857991,0.09654185325398569,0.07404942185739577
12,23.2147274017334,0.05536396431811009,0.0832933874628288,0.070678471629475,0.046451216582498955,0.09097018097879375,0.07216034437519686
13,24.13824963569641,0.05005519640097537,0.05674561227418844,0.05349467829661659,0.057352454964221714,0.06054398273705275,0.058964844425151965
14,23.884508848190308,0.04518409823922756,0.05268204269696096,0.04906482645964516,0.030284679759533945,0.038714690649307305,0.03474317960641825
15,23.50381064414978,0.03952200447114272,0.052713877469542536,0.04656689367516831,0.053948423054059225,0.05297692814260036,0.05346639538607982
16,25.534433603286743,0.03997225013273948,0.061803711432988205,0.05201229501158,0.04284682956690813,0.08532625999733613,0.06745168531999442
17,25.00337290763855,0.04302840147854205,0.10187600692941802,0.07811401729014499,0.040804099621954984,0.08592082995520728,0.06719208400587726
18,23.589581966400146,0.06424719277884944,0.3266135013371442,0.23503682131817147,0.031909337312284215,0.3756322697530404,0.26615917910616743
19,23.70192289352417,0.04154184096024645,0.08637957771508206,0.06770999834153293,0.04282705895130945,0.09974085982098035,0.07667176332195053
20,24.731723308563232,0.027638404076815153,0.07986067098842346,0.05968299395853855,0.05000708165691982,0.11211729134113636,0.08671685484710577
21,23.237866401672363,0.05235385523333172,0.07263106656973788,0.06327836451343266,0.0500126422215705,0.10044867345209527,0.07927029600904228
22,23.383212566375732,0.0251413177866372,0.10480807719069897,0.07610705508402532,0.05946767504002883,0.15890283851260856,0.11983086520752881
23,23.740172386169434,0.03417498602176375,0.08939237782516096,0.06759316245262656,0.04483948984028409,0.12891527964777366,0.09639559018327898
24,25.97070622444153,0.058730888438725364,0.25347490218815194,0.18372456905105802,0.0386091709351845,0.33804390806691775,0.2402217755563465
25,23.175841569900513,0.03238611194153687,0.037036232445209934,0.03478172712489273,0.05427012770510582,0.0666656467018186,0.06076547225682946
26,23.748962879180908,0.05297868117672559,0.07156363877700103,0.06293204437939116,0.04171090914737591,0.08845520261558755,0.06908389071114368
27,23.580626249313354,0.025468414160623325,0.1054769843373075,0.07662048186188236,0.059062584148948424,0.17896731303404056,0.13309540842543366
28,23.19829297065735,0.04739098750748593,0.08888144282396623,0.07116250013911014,0.03654182919147891,0.09258602573981425,0.07030267664289946
29,23.85295534133911,0.06685973786671288,0.17536313496053837,0.13255296723799437,0.05214355986522667,0.25974657825197445,0.18706352454168035
30,23.63012433052063,0.06412720886933235,0.21613337174062616,0.15920618527031105,0.035077912486432355,0.27318615808627567,0.19446397584400604
31,24.793760061264038,0.0406169258892535,0.10778984760033297,0.08135517838316891,0.05549550983989797,0.1560659156267822,0.11698298745849031
32,23.488107919692993,0.051755004749954724,1.0908698260734928,0.7710307214206574,0.031935860850686434,1.4620837479566853,1.032485470979796
33,23.471372842788696,0.040206836537798635,0.05015556253020099,0.04543880259682555,0.0818653749378233,0.07923951629678147,0.0805672341406148
34,23.582292318344116,0.05311093272981454,0.06501873825493261,0.05934570483731019,0.054088991415777055,0.09190999742072749,0.07535205591055336
35,23.359097242355347,0.031118507836494717,0.06520616686524804,0.05103908702779627,0.04020315311578987,0.12585102458113956,0.09330184357900385
36,23.677592754364014,0.04431409945308378,0.11496206289437622,0.08701999966801896,0.06568985450851517,0.14681208074172544,0.1136117096510342
37,23.75939965248108,0.047630438867401405,0.06332225027532778,0.05600420635537143,0.043567922188897275,0.038776713839609615,0.04124940270134696
38,23.548434734344482,0.0625110995323352,0.12779153586984895,0.10049779387729682,0.05144145053970869,0.1383577501938844,0.1042537732107896
39,23.355979442596436,0.03186425605781928,0.051478370322759176,0.042780024119882944,0.03928450351564681,0.04487184288784561,0.04216212560907649
40,24.13129734992981,0.04495689653446981,0.059837021321077696,0.05289959304710795,0.0502048485607021,0.05371702938557523,0.05198513738057528
41,23.47796940803528,0.043989025802340785,0.13750362154574114,0.10195441970818309,0.06563493700655709,0.15832596787648992,0.12105863611746118
42,23.148740530014038,0.05162499259371695,0.11383690981313972,0.08829471753191936,0.054922354115561366,0.1429438737544955,0.10815534905775571
43,23.525611877441406,0.048564454520410534,0.10009473861205401,0.07859261609415061,0.052848179553270605,0.09896000966922532,0.07925971948053173
44,23.534212350845337,0.05104611036323486,0.17876039761312382,0.13128128854135315,0.04702813066050364,0.20615208165928664,0.14930643164607718
45,23.325453281402588,0.04693989714671867,0.5134857096366122,0.36404422647846557,0.051783701640065447,0.6473149806918586,0.45847641258929067
46,24.026211738586426,0.04323622806946329,0.11626839758150814,0.08761113534030407,0.043768996978742175,0.14924412180797977,0.10983194474303865
47,23.305473566055298,0.03950134036762588,0.041971418243082176,0.04075125097247702,0.034688422124982285,0.07443953780363545,0.05801300513503138
48,23.331873893737793,0.07081317914942996,0.33434373123852995,0.24131682113289774,0.0388567269040497,0.45768022770307326,0.32429398807010623
49,23.316134691238403,0.055142729326840355,0.06846684644029809,0.062142171083367996,0.06378361037803981,0.051958292052801745,0.058190535663465846
50,23.371525049209595,0.033436535109932136,0.09243033997461605,0.06941987340482796,0.06642777892810581,0.11442845291119941,0.0934865668070061
51,23.33281898498535,0.061582228732004446,0.0555798944333065,0.058667224065247464,0.0463507975252825,0.04777969545116734,0.047068443338355005
52,23.26430368423462,0.03237510260202963,0.08619756139529887,0.06503186002568793,0.06670826744852491,0.12688763221893218,0.10127726751670511
53,23.230390310287476,0.04908373983452388,0.06634772253692195,0.0583310623990415,0.035476497996838226,0.05895550185488801,0.04861803183822709
54,23.152319192886353,0.03360712318297526,0.04094277070717911,0.037443594589207006,0.035239085320225724,0.04001476715050313,0.03769519289053863
55,23.15233087539673,0.04282702607454768,0.053373975754863204,0.04837238167644877,0.05857050442079017,0.06274230962032555,0.060685767645951766
56,23.06136679649353,0.032448943932966545,0.05847375192811866,0.04724797426862708,0.04360702733413402,0.06872564410981868,0.05751520160504173
57,24.49119472503662,0.05835674629052119,0.12890771699230455,0.09995386792431545,0.0580880916390861,0.12542265584763843,0.09763855503501657
58,23.025157928466797,0.049817715984987285,0.30299370151279953,0.21680489155722588,0.04172599087003454,0.3970806835814367,0.2818939145166501
59,23.579196214675903,0.05856978874808449,0.0894747733511732,0.07557083399948494,0.04772217030952359,0.06483425241539618,0.05689853070360043
60,23.108133554458618,0.04869648181271679,0.03648356063219846,0.04304438603588666,0.05501472856930376,0.09271255994849084,0.07617378232385594
61,23.10981822013855,0.04573739021988184,0.06612437286489906,0.0568209341498244,0.049623286410309844,0.0522589796878369,0.050954072304670625
62,23.480146408081055,0.043120604369496364,0.1115993560961705,0.08450087715234371,0.04819772718683365,0.12222284132451601,0.09279586070926542
63,23.332462549209595,0.05170184408602108,0.08582128913390634,0.07079462149259955,0.027697593870842648,0.13603053857611475,0.09802093707545026
64,23.732714891433716,0.048148916940966645,0.16252735651538502,0.11970461944460618,0.04565414187106261,0.21760520983176,0.15699571182126384
65,24.569348573684692,0.04313814868913229,0.0800172866709878,0.06422428248852795,0.04714525061728032,0.10782611545923945,0.08312596018854766
66,23.046143293380737,0.042766238564941925,0.10795368001979277,0.08201323238136725,0.04127302961098352,0.1465915057081795,0.10754277082958118
67,23.36160159111023,0.0622197430909171,0.19354341777818956,0.1435717873313164,0.05892994094452778,0.3300855873499014,0.23674946998974525
68,23.612954139709473,0.05037515546870238,0.23063337168982798,0.1666907428501472,0.045917086296284125,0.31289809632283866,0.22328811541754964
69,23.926607608795166,0.06704549508713868,0.08563458859650473,0.07687502676347378,0.06081599313970805,0.07789083467087542,0.06985051525640153
70,23.36641001701355,0.05974031759289396,0.5443212560164773,0.38661521257633974,0.049766138416897865,0.7884854672759276,0.5577889058236878
71,23.287808656692505,0.03063099929387511,0.05558792665283877,0.04484179081374592,0.04765669201448586,0.0466400611471217,0.04715270004145752
72,23.21041202545166,0.043763266724950255,0.09791416504479676,0.07575786112118571,0.05643724427200315,0.12007611006195941,0.09372417147544879
73,23.129622220993042,0.05890034741457994,0.1766978924683451,0.13153885075091382,0.06447758213121102,0.23007247378620832,0.1687287048545904
74,26.05861234664917,0.04887337341981209,0.10787569441110954,0.08365691951179731,0.03626088882387951,0.14441464627753187,0.10514173183030143
75,23.263275861740112,0.053825698189647296,0.1426442685337755,0.10768061848544304,0.06412142965882685,0.14256634128593446,0.11042239297261561
76,23.01913332939148,0.05996935091679732,0.1934679947297764,0.14303983289974945,0.043856071589059555,0.2990056697392363,0.21337199788283598
77,23.012433767318726,0.04526045911739625,0.08462056733113396,0.06779831831402107,0.03261169180736595,0.13679884063454517,0.09930372493165107
78,24.091139554977417,0.04344103681426883,0.0713372961110147,0.05901761928763834,0.04705416536746031,0.09003799290744335,0.07177247794950885
79,23.775779485702515,0.045378637465070704,0.5500822324771764,0.3896879834093483,0.034434713238161774,0.8250280289021427,0.5829837993866136
80,23.073447465896606,0.043746869326497254,0.07173205436282613,0.05936837794947348,0.03915187132305437,0.07320750521493949,0.05865273813408712
81,23.13104248046875,0.04654170408461412,0.6304257609415013,0.4463022507073959,0.05649088110302314,0.7349809681648729,0.5204398754589094
82,22.864474534988403,0.04224069945210582,0.17706548750188755,0.12853861615246806,0.05722151556986231,0.22398245541246564,0.16324269578214817
83,23.14476990699768,0.032099768236404744,84270.95225646155,59495.67232288688,0.05092066041483859,596827.5584442707,421362.9477260812
84,23.35793662071228,0.05807375184663788,0.41772383751828013,0.2977689363977181,0.06693591898166613,0.6466467615631947,0.45899006245448787
85,23.571956634521484,0.03748780739475942,0.04585375304089006,0.04186723248628663,0.047893436276040244,0.050383113625074395,0.0491501634969317
86,23.418203592300415,0.0483825720527829,0.044750056338607076,0.04660737459191309,0.04357124833849908,0.051818934926580754,0.04786023803381769
87,23.665714502334595,0.04522428443328024,0.0580842268446257,0.05203304023433397,0.0449558193265828,0.06855271160641765,0.057931666139307295
88,24.129897832870483,0.05205316810925983,0.3414398374760662,0.24386056942909806,0.06667038988308197,0.48040806696525723,0.3424410321099449
89,23.290159940719604,0.05404007581684467,0.06689394098767443,0.0607876901637805,0.03487367892704787,0.06854756606145372,0.05433273915521571
90,23.358463525772095,0.03817050513537548,1.5394362097504495,1.0871850387231954,0.051110245674872906,2.727752468932464,1.9261456828522043
91,24.864822149276733,0.07093523091072784,0.07082875319219947,0.07088217789799055,0.05459446607541744,0.06349742147785949,0.059199674722036036
92,23.03983783721924,0.05104576929639833,0.05738874029784975,0.05430007093185639,0.03498835977972058,0.04359362584340802,0.03951254821783848
93,23.220256090164185,0.04241789029922538,0.10285428385721355,0.07858412674635165,0.034911753768972556,0.1416982147757474,0.10304965336837257
94,23.29030418395996,0.026909767406779927,0.16669342357832348,0.11921939020097952,0.04731340455588009,0.20881405539160036,0.1511836727719239
95,23.30153203010559,0.043608537563546775,7130572.741042945,5034216.511336984,0.03291885791205976,13988436.982559606,9875899.592197197
96,23.398833990097046,0.03939418168671083,0.1351090110053744,0.09938388591827121,0.05107946454644923,0.21130508995347974,0.1535056753583068
97,23.22922682762146,0.05082047345791506,0.06400880629408622,0.05777166272321474,0.05204305456255371,0.06512321541350788,0.05892681224848032
98,23.239219903945923,0.054385162375566155,0.2518288773874659,0.1819164373360169,0.041617342063116826,0.33462979656689246,0.23808156295603652
99,23.475486516952515,0.051732881953028394,0.09998817208267094,0.07953338201026704,0.03796259497523307,0.12544377835170423,0.09255476078345433
