0.000000 0.125730 -0.132105 0.640423 0.104900 -0.535669 0.361595 1.304000 0.947081 -0.703735 -1.265421
0.020000 0.132911 -0.105976 0.659106 0.090785 -0.560760 0.356422 1.308762 0.921089 -0.707649 -1.243491
0.040000 0.139985 -0.079761 0.677261 0.076598 -0.585402 0.350964 1.312477 0.894360 -0.710997 -1.220567
0.060000 0.146948 -0.053483 0.694875 0.062349 -0.609576 0.345225 1.315142 0.866915 -0.713776 -1.196665
0.080000 0.153792 -0.027163 0.711933 0.048051 -0.633263 0.339209 1.316755 0.838777 -0.715984 -1.171807
0.100000 0.160514 -0.000820 0.728422 0.033714 -0.656442 0.332923 1.317315 0.809968 -0.717620 -1.146011
0.120000 0.167107 0.025523 0.744328 0.019350 -0.679097 0.326370 1.316821 0.780511 -0.718681 -1.119299
0.140000 0.173567 0.051846 0.759638 0.004970 -0.701208 0.319556 1.315273 0.750430 -0.719168 -1.091691
0.160000 0.179888 0.078127 0.774341 -0.009413 -0.722759 0.312486 1.312674 0.719748 -0.719079 -1.063209
0.180000 0.186065 0.104346 0.788424 -0.023789 -0.743731 0.305167 1.309024 0.688491 -0.718415 -1.033878
0.200000 0.192093 0.130481 0.801877 -0.038146 -0.764108 0.297603 1.304327 0.656682 -0.717176 -1.003719
0.220000 0.197967 0.156512 0.814688 -0.052472 -0.783874 0.289801 1.298587 0.624349 -0.715363 -0.972757
0.240000 0.203684 0.182417 0.826847 -0.066757 -0.803013 0.281768 1.291808 0.591516 -0.712979 -0.941017
0.260000 0.209237 0.208177 0.838345 -0.080988 -0.821510 0.273509 1.283995 0.558210 -0.710024 -0.908525
0.280000 0.214622 0.233770 0.849173 -0.095154 -0.839350 0.265031 1.275156 0.524457 -0.706500 -0.875305
0.300000 0.219837 0.259176 0.859321 -0.109244 -0.856518 0.256341 1.265296 0.490285 -0.702412 -0.841386
0.320000 0.224875 0.284375 0.868782 -0.123247 -0.873001 0.247447 1.254424 0.455721 -0.697762 -0.806793
0.340000 0.229733 0.309347 0.877547 -0.137151 -0.888785 0.238354 1.242549 0.420792 -0.692554 -0.771555
0.360000 0.234408 0.334071 0.885611 -0.150945 -0.903859 0.229070 1.229680 0.385527 -0.686792 -0.735700
0.380000 0.238895 0.358527 0.892966 -0.164619 -0.918209 0.219604 1.215827 0.349953 -0.680480 -0.699256
0.400000 0.243191 0.382697 0.899607 -0.178161 -0.931825 0.209961 1.201002 0.314099 -0.673624 -0.662253
0.420000 0.247292 0.406561 0.905529 -0.191560 -0.944696 0.200151 1.185215 0.277994 -0.666229 -0.624720
0.440000 0.251196 0.430100 0.910726 -0.204806 -0.956811 0.190181 1.168481 0.241666 -0.658301 -0.586687
0.460000 0.254898 0.453294 0.915194 -0.217888 -0.968160 0.180058 1.150812 0.205145 -0.649847 -0.548185
0.480000 0.258397 0.476126 0.918930 -0.230797 -0.978735 0.169792 1.132222 0.168460 -0.640872 -0.509245
0.500000 0.261689 0.498577 0.921932 -0.243520 -0.988527 0.159389 1.112727 0.131641 -0.631385 -0.469897
0.520000 0.264772 0.520629 0.924195 -0.256049 -0.997528 0.148859 1.092342 0.094716 -0.621393 -0.430173
0.540000 0.267643 0.542265 0.925720 -0.268372 -1.005732 0.138210 1.071082 0.057715 -0.610904 -0.390105
0.560000 0.270299 0.563467 0.926504 -0.280481 -1.013131 0.127451 1.048966 0.020668 -0.599926 -0.349725
0.580000 0.272740 0.584218 0.926546 -0.292366 -1.019719 0.116589 1.026011 -0.016396 -0.588469 -0.309066
0.600000 0.274962 0.604502 0.925848 -0.304017 -1.025492 0.105634 1.002235 -0.053446 -0.576540 -0.268159
0.620000 0.276965 0.624302 0.924409 -0.315425 -1.030444 0.094595 0.977657 -0.090453 -0.564151 -0.227037
0.640000 0.278746 0.643603 0.922230 -0.326580 -1.034572 0.083480 0.952298 -0.127389 -0.551310 -0.185734
0.660000 0.280303 0.662389 0.919314 -0.337474 -1.037872 0.072298 0.926176 -0.164222 -0.538028 -0.144282
0.680000 0.281637 0.680645 0.915662 -0.348098 -1.040342 0.061059 0.899313 -0.200924 -0.524315 -0.102715
0.700000 0.282746 0.698356 0.911278 -0.358444 -1.041980 0.049770 0.871732 -0.237465 -0.510183 -0.061066
0.720000 0.283628 0.715509 0.906165 -0.368503 -1.042785 0.038442 0.843452 -0.273817 -0.495644 -0.019368
0.740000 0.284283 0.732090 0.900327 -0.378267 -1.042755 0.027083 0.814498 -0.309949 -0.480707 0.022346
0.760000 0.284711 0.748085 0.893768 -0.387729 -1.041891 0.015703 0.784893 -0.345833 -0.465386 0.064041
0.780000 0.284911 0.763482 0.886495 -0.396880 -1.040194 0.004309 0.754660 -0.381441 -0.449693 0.105686
0.800000 0.284883 0.778267 0.878513 -0.405714 -1.037664 -0.007087 0.723823 -0.416743 -0.433640 0.147246
0.820000 0.284628 0.792431 0.869828 -0.414223 -1.034305 -0.018478 0.692407 -0.451712 -0.417240 0.188688
0.840000 0.284144 0.805960 0.860447 -0.422401 -1.030118 -0.029854 0.660437 -0.486320 -0.400507 0.229979
0.860000 0.283434 0.818845 0.850378 -0.430241 -1.025107 -0.041207 0.627938 -0.520539 -0.383453 0.271086
0.880000 0.282496 0.831074 0.839628 -0.437737 -1.019276 -0.052526 0.594938 -0.554341 -0.366092 0.311977
0.900000 0.281333 0.842639 0.828207 -0.444883 -1.012629 -0.063803 0.561461 -0.587700 -0.348438 0.352617
0.920000 0.279944 0.853530 0.816123 -0.451673 -1.005173 -0.075030 0.527536 -0.620589 -0.330506 0.392976
0.940000 0.278332 0.863738 0.803387 -0.458102 -0.996912 -0.086196 0.493188 -0.652981 -0.312309 0.433020
0.960000 0.276497 0.873255 0.790007 -0.464164 -0.987854 -0.097293 0.458446 -0.684851 -0.293863 0.472718
0.980000 0.274441 0.882073 0.775996 -0.469855 -0.978006 -0.108313 0.423337 -0.716174 -0.275181 0.512038
1.000000 0.272165 0.890186 0.761364 -0.475170 -0.967375 -0.119246 0.387889 -0.746923 -0.256279 0.550948
1.020000 0.269672 0.897586 0.746123 -0.480104 -0.955971 -0.130083 0.352132 -0.777075 -0.237173 0.589418
1.040000 0.266962 0.904269 0.730285 -0.484655 -0.943802 -0.140816 0.316092 -0.806605 -0.217876 0.627416
1.060000 0.264040 0.910228 0.713863 -0.488818 -0.930878 -0.151437 0.279800 -0.835490 -0.198405 0.664912
1.080000 0.260906 0.915460 0.696870 -0.492590 -0.917209 -0.161937 0.243284 -0.863706 -0.178776 0.701876
1.100000 0.257563 0.919958 0.679320 -0.495968 -0.902806 -0.172307 0.206573 -0.891232 -0.159003 0.738279
1.120000 0.254014 0.923721 0.661226 -0.498950 -0.887682 -0.182539 0.169697 -0.918044 -0.139104 0.774091
1.140000 0.250263 0.926745 0.642603 -0.501532 -0.871847 -0.192625 0.132685 -0.944123 -0.119093 0.809284
1.160000 0.246310 0.929028 0.623466 -0.503713 -0.855315 -0.202557 0.095567 -0.969446 -0.098986 0.843830
1.180000 0.242161 0.930568 0.603830 -0.505491 -0.838098 -0.212328 0.058373 -0.993993 -0.078801 0.877700
1.200000 0.237818 0.931363 0.583711 -0.506864 -0.820211 -0.221928 0.021131 -1.017746 -0.058553 0.910869
1.220000 0.233285 0.931413 0.563126 -0.507833 -0.801668 -0.231350 -0.016127 -1.040684 -0.038257 0.943308
1.240000 0.228566 0.930718 0.542090 -0.508394 -0.782484 -0.240588 -0.053372 -1.062790 -0.017931 0.974993
1.260000 0.223663 0.929278 0.520620 -0.508550 -0.762674 -0.249633 -0.090574 -1.084045 0.002409 1.005899
1.280000 0.218582 0.927095 0.498734 -0.508298 -0.742253 -0.258479 -0.127704 -1.104434 0.022747 1.035999
1.300000 0.213325 0.924171 0.476448 -0.507640 -0.721239 -0.267117 -0.164732 -1.123939 0.043067 1.065271
1.320000 0.207898 0.920507 0.453782 -0.506576 -0.699648 -0.275543 -0.201628 -1.142545 0.063353 1.093691
1.340000 0.202305 0.916107 0.430753 -0.505106 -0.677498 -0.283747 -0.238362 -1.160237 0.083588 1.121235
1.360000 0.196550 0.910974 0.407379 -0.503233 -0.654805 -0.291725 -0.274907 -1.177000 0.103756 1.147883
1.380000 0.190638 0.905112 0.383679 -0.500956 -0.631588 -0.299469 -0.311231 -1.192823 0.123841 1.173613
1.400000 0.184573 0.898526 0.359672 -0.498280 -0.607867 -0.306974 -0.347306 -1.207691 0.143827 1.198404
1.420000 0.178360 0.891221 0.335378 -0.495204 -0.583659 -0.314233 -0.383103 -1.221592 0.163698 1.222236
1.440000 0.172005 0.883204 0.310815 -0.491733 -0.558984 -0.321241 -0.418594 -1.234517 0.183438 1.245090
1.460000 0.165512 0.874480 0.286004 -0.487868 -0.533862 -0.327991 -0.453750 -1.246454 0.203032 1.266948
1.480000 0.158887 0.865056 0.260964 -0.483612 -0.508313 -0.334480 -0.488543 -1.257394 0.222462 1.287793
1.500000 0.152135 0.854941 0.235715 -0.478970 -0.482357 -0.340701 -0.522945 -1.267329 0.241715 1.307608
1.520000 0.145261 0.844141 0.210277 -0.473945 -0.456015 -0.346649 -0.556929 -1.276249 0.260775 1.326377
1.540000 0.138271 0.832667 0.184671 -0.468541 -0.429309 -0.352320 -0.590468 -1.284149 0.279626 1.344084
1.560000 0.131170 0.820526 0.158918 -0.462761 -0.402259 -0.357709 -0.623534 -1.291021 0.298253 1.360717
1.580000 0.123964 0.807729 0.133038 -0.456612 -0.374887 -0.362812 -0.656101 -1.296860 0.316642 1.376261
1.600000 0.116660 0.794285 0.107051 -0.450097 -0.347216 -0.367625 -0.688143 -1.301662 0.334777 1.390704
1.620000 0.109261 0.780207 0.080978 -0.443223 -0.319267 -0.372144 -0.719635 -1.305423 0.352645 1.404034
1.640000 0.101776 0.765504 0.054841 -0.435994 -0.291062 -0.376365 -0.750552 -1.308140 0.370230 1.416242
1.660000 0.094209 0.750188 0.028659 -0.428416 -0.262625 -0.380285 -0.780867 -1.309810 0.387520 1.427316
1.680000 0.086566 0.734273 0.002455 -0.420495 -0.233977 -0.383901 -0.810559 -1.310432 0.404499 1.437249
1.700000 0.078855 0.717770 -0.023751 -0.412238 -0.205142 -0.387209 -0.839601 -1.310006 0.421155 1.446032
1.720000 0.071080 0.700694 -0.049938 -0.403651 -0.176143 -0.390208 -0.867973 -1.308532 0.437474 1.453658
1.740000 0.063249 0.683056 -0.076085 -0.394741 -0.147004 -0.392895 -0.895649 -1.306012 0.453443 1.460121
1.760000 0.055366 0.664872 -0.102172 -0.385516 -0.117746 -0.395267 -0.922610 -1.302446 0.469049 1.465417
1.780000 0.047440 0.646157 -0.128176 -0.375982 -0.088395 -0.397324 -0.948832 -1.297839 0.484280 1.469540
1.800000 0.039476 0.626924 -0.154078 -0.366147 -0.058973 -0.399062 -0.974296 -1.292194 0.499123 1.472487
1.820000 0.031480 0.607190 -0.179857 -0.356019 -0.029503 -0.400481 -0.998979 -1.285515 0.513568 1.474257
1.840000 0.023459 0.586970 -0.205492 -0.345607 -0.000010 -0.401580 -1.022864 -1.277807 0.527601 1.474847
1.860000 0.015419 0.566281 -0.230963 -0.334918 0.029483 -0.402358 -1.045931 -1.269077 0.541212 1.474258
1.880000 0.007366 0.545139 -0.256248 -0.323961 0.058952 -0.402813 -1.068161 -1.259332 0.554391 1.472489
1.900000 -0.000692 0.523560 -0.281329 -0.312746 0.088375 -0.402947 -1.089536 -1.248580 0.567126 1.469542
1.920000 -0.008749 0.501563 -0.306185 -0.301279 0.117726 -0.402758 -1.110040 -1.236829 0.579407 1.465420
1.940000 -0.016800 0.479165 -0.330796 -0.289572 0.146984 -0.402247 -1.129656 -1.224089 0.591225 1.460126
1.960000 -0.024837 0.456383 -0.355142 -0.277634 0.176123 -0.401414 -1.148368 -1.210369 0.602570 1.453663
1.980000 -0.032854 0.433236 -0.379204 -0.265473 0.205122 -0.400260 -1.166162 -1.195681 0.613433 1.446038
2.000000 -0.040845 0.409743 -0.402963 -0.253100 0.233957 -0.398786 -1.183022 -1.180037 0.623805 1.437255
2.020000 -0.048804 0.385921 -0.426399 -0.240524 0.262605 -0.396993 -1.198937 -1.163448 0.633678 1.427323
2.040000 -0.056723 0.361791 -0.449494 -0.227756 0.291042 -0.394882 -1.213892 -1.145929 0.643044 1.416250
2.060000 -0.064597 0.337372 -0.472230 -0.214806 0.319247 -0.392456 -1.227876 -1.127494 0.651896 1.404043
2.080000 -0.072419 0.312683 -0.494588 -0.201683 0.347197 -0.389715 -1.240878 -1.108156 0.660226 1.390713
2.100000 -0.080183 0.287744 -0.516551 -0.188400 0.374868 -0.386663 -1.252887 -1.087932 0.668029 1.376271
2.120000 -0.087884 0.262574 -0.538100 -0.174966 0.402240 -0.383302 -1.263894 -1.066837 0.675296 1.360728
2.140000 -0.095513 0.237195 -0.559218 -0.161392 0.429290 -0.379633 -1.273890 -1.044890 0.682024 1.344096
2.160000 -0.103067 0.211625 -0.579890 -0.147689 0.455997 -0.375662 -1.282867 -1.022106 0.688206 1.326389
2.180000 -0.110538 0.185887 -0.600097 -0.133867 0.482339 -0.371389 -1.290818 -0.998505 0.693838 1.307621
2.200000 -0.117920 0.160000 -0.619825 -0.119939 0.508295 -0.366820 -1.297736 -0.974105 0.698914 1.287807
2.220000 -0.125209 0.133984 -0.639056 -0.105914 0.533844 -0.361957 -1.303616 -0.948925 0.703431 1.266963
2.240000 -0.132397 0.107862 -0.657777 -0.091805 0.558967 -0.356804 -1.308454 -0.922987 0.707386 1.245105
2.260000 -0.139479 0.081653 -0.675971 -0.077623 0.583642 -0.351366 -1.312244 -0.896310 0.710775 1.222252
2.280000 -0.146450 0.055379 -0.693624 -0.063378 0.607850 -0.345647 -1.314985 -0.868916 0.713595 1.198420
2.300000 -0.153303 0.029061 -0.710723 -0.049083 0.631572 -0.339652 -1.316674 -0.840828 0.715844 1.173630
2.320000 -0.160034 0.002719 -0.727253 -0.034748 0.654789 -0.333385 -1.317310 -0.812066 0.717521 1.147901
2.340000 -0.166637 -0.023625 -0.743201 -0.020386 0.677482 -0.326851 -1.316892 -0.782655 0.718624 1.121254
2.360000 -0.173106 -0.049950 -0.758555 -0.006007 0.699633 -0.320056 -1.315420 -0.752618 0.719152 1.093710
2.380000 -0.179437 -0.076234 -0.773302 0.008377 0.721225 -0.313004 -1.312896 -0.721979 0.719104 1.065291
2.400000 -0.185625 -0.102458 -0.787430 0.022753 0.742239 -0.305703 -1.309322 -0.690762 0.718482 1.036020
2.420000 -0.191664 -0.128600 -0.800929 0.037112 0.762660 -0.298156 -1.304701 -0.658993 0.717284 1.005920
2.440000 -0.197549 -0.154639 -0.813786 0.051441 0.782471 -0.290372 -1.299035 -0.626696 0.715513 0.975015
2.460000 -0.203277 -0.180555 -0.825993 0.065729 0.801655 -0.282355 -1.292331 -0.593899 0.713170 0.943330
2.480000 -0.208842 -0.206326 -0.837539 0.079964 0.820199 -0.274112 -1.284593 -0.560626 0.710256 0.910891
2.500000 -0.214240 -0.231932 -0.848415 0.094135 0.838086 -0.265649 -1.275827 -0.526904 0.706773 0.877723
2.520000 -0.219467 -0.257352 -0.858612 0.108231 0.855303 -0.256975 -1.266041 -0.492762 0.702726 0.843853
2.540000 -0.224518 -0.282567 -0.868123 0.122240 0.871836 -0.248094 -1.255242 -0.458225 0.698116 0.809308
2.560000 -0.229389 -0.307555 -0.876939 0.136152 0.887671 -0.239016 -1.243439 -0.423321 0.692948 0.774116
2.580000 -0.234077 -0.332297 -0.885054 0.149955 0.902796 -0.229746 -1.230641 -0.388079 0.687225 0.738304
2.600000 -0.238578 -0.356774 -0.892460 0.163637 0.917199 -0.220292 -1.216858 -0.352526 0.680953 0.701902
2.620000 -0.242887 -0.380965 -0.899153 0.177189 0.930869 -0.210662 -1.202102 -0.316692 0.674136 0.664938
2.640000 -0.247003 -0.404852 -0.905126 0.190599 0.943793 -0.200864 -1.186385 -0.280604 0.666780 0.627442
2.660000 -0.250921 -0.428414 -0.910375 0.203857 0.955963 -0.190904 -1.169719 -0.244291 0.658890 0.589444
2.680000 -0.254638 -0.451634 -0.914896 0.216951 0.967368 -0.180793 -1.152117 -0.207783 0.650473 0.550975
2.700000 -0.258152 -0.474493 -0.918686 0.229872 0.977999 -0.170536 -1.133593 -0.171109 0.641536 0.512065
2.720000 -0.261459 -0.496972 -0.921740 0.242609 0.987848 -0.160143 -1.114162 -0.134298 0.632086 0.472746
2.740000 -0.264557 -0.519053 -0.924057 0.255152 0.996906 -0.149622 -1.093840 -0.097380 0.622130 0.433048
2.760000 -0.267443 -0.540720 -0.925635 0.267491 1.005167 -0.138982 -1.072643 -0.060384 0.611677 0.393004
2.780000 -0.270115 -0.561953 -0.926472 0.279616 1.012624 -0.128230 -1.050588 -0.023339 0.600734 0.352645
2.800000 -0.272571 -0.582738 -0.926568 0.291517 1.019271 -0.117375 -1.027693 0.013724 0.589310 0.312005
2.820000 -0.274809 -0.603056 -0.925923 0.303185 1.025103 -0.106427 -1.003976 0.050777 0.577415 0.271114
2.840000 -0.276828 -0.622891 -0.924537 0.314611 1.030114 -0.095393 -0.979455 0.087788 0.565059 0.230007
2.860000 -0.278625 -0.642229 -0.922412 0.325785 1.034302 -0.084284 -0.954151 0.124730 0.552250 0.188716
2.880000 -0.280199 -0.661052 -0.919549 0.336698 1.037662 -0.073106 -0.928084 0.161571 0.538999 0.147274
2.900000 -0.281549 -0.679347 -0.915950 0.347342 1.040192 -0.061871 -0.901274 0.198284 0.525318 0.105714
2.920000 -0.282673 -0.697098 -0.911618 0.357708 1.041890 -0.050586 -0.873743 0.234838 0.511216 0.064070
2.940000 -0.283572 -0.714292 -0.906558 0.367788 1.042755 -0.039260 -0.845513 0.271204 0.496705 0.022374
2.960000 -0.284243 -0.730914 -0.900772 0.377573 1.042785 -0.027903 -0.816607 0.307353 0.481797 -0.019339
2.980000 -0.284688 -0.746952 -0.894265 0.387057 1.041981 -0.016523 -0.787048 0.343256 0.466503 -0.061037
3.000000 -0.284904 -0.762392 -0.887043 0.396231 1.040344 -0.005131 -0.756859 0.378884 0.450836 -0.102687
3.020000 -0.284893 -0.777222 -0.879112 0.405088 1.037874 0.006266 -0.726065 0.414210 0.434809 -0.144254
3.040000 -0.284654 -0.791431 -0.870477 0.413621 1.034574 0.017658 -0.694690 0.449204 0.418433 -0.185706
3.060000 -0.284187 -0.805006 -0.861146 0.421823 1.030447 0.029035 -0.662759 0.483839 0.401723 -0.227009
3.080000 -0.283492 -0.817938 -0.851126 0.429688 1.025495 0.040389 -0.630298 0.518086 0.384692 -0.268130
3.100000 -0.282571 -0.830215 -0.840425 0.437209 1.019723 0.051712 -0.597332 0.551920 0.367353 -0.309037
3.120000 -0.281424 -0.841828 -0.829052 0.444380 1.013135 0.062992 -0.563889 0.585311 0.349720 -0.349697
3.140000 -0.280052 -0.852767 -0.817016 0.451196 1.005737 0.074222 -0.529995 0.618235 0.331807 -0.390077
3.160000 -0.278456 -0.863025 -0.804326 0.457651 0.997534 0.085393 -0.495677 0.650664 0.313629 -0.430146
3.180000 -0.276637 -0.872592 -0.790993 0.463739 0.988534 0.096496 -0.460962 0.682572 0.295200 -0.469870
3.200000 -0.274596 -0.881461 -0.777027 0.469457 0.978742 0.107521 -0.425879 0.713935 0.276535 -0.509218
3.220000 -0.272336 -0.889625 -0.762439 0.474799 0.968168 0.118461 -0.390455 0.744726 0.257649 -0.548158
3.240000 -0.269859 -0.897077 -0.747242 0.479762 0.956819 0.129305 -0.354719 0.774922 0.238556 -0.586661
3.260000 -0.267165 -0.903812 -0.731447 0.484340 0.944704 0.140047 -0.318698 0.804498 0.219273 -0.624694
3.280000 -0.264257 -0.909823 -0.715066 0.488531 0.931834 0.150676 -0.282423 0.833430 0.199814 -0.662227
3.300000 -0.261139 -0.915107 -0.698114 0.492332 0.918219 0.161184 -0.245922 0.861695 0.180196 -0.699231
3.320000 -0.257811 -0.919659 -0.680603 0.495738 0.903869 0.171564 -0.209224 0.889271 0.160433 -0.735675
3.340000 -0.254277 -0.923475 -0.662548 0.498748 0.888796 0.181806 -0.172359 0.916136 0.140542 -0.771530
3.360000 -0.250540 -0.926552 -0.643962 0.501359 0.873012 0.191903 -0.135356 0.942268 0.120538 -0.806769
3.380000 -0.246602 -0.928888 -0.624862 0.503569 0.856529 0.201847 -0.098245 0.967646 0.100438 -0.841362
3.400000 -0.242467 -0.930482 -0.605262 0.505376 0.839362 0.211629 -0.061055 0.992251 0.080258 -0.875282
3.420000 -0.238138 -0.931330 -0.585177 0.506779 0.821523 0.221242 -0.023816 1.016061 0.060014 -0.908502
3.440000 -0.233618 -0.931434 -0.564625 0.507776 0.803026 0.230677 0.013441 1.039058 0.039721 -0.940995
3.460000 -0.228912 -0.930793 -0.543620 0.508368 0.783888 0.239929 0.050688 1.061225 0.019397 -0.972736
3.480000 -0.224023 -0.929407 -0.522181 0.508552 0.764122 0.248988 0.087895 1.082542 -0.000943 -1.003698
3.500000 -0.218954 -0.927277 -0.500325 0.508330 0.743745 0.257848 0.125031 1.102994 -0.021282 -1.033857
3.520000 -0.213710 -0.924406 -0.478068 0.507701 0.722773 0.266502 0.162067 1.122563 -0.041604 -1.063190
3.540000 -0.208295 -0.920796 -0.455428 0.506666 0.701223 0.274943 0.198974 1.141234 -0.061892 -1.091671
3.560000 -0.202714 -0.916448 -0.432424 0.505226 0.679112 0.283163 0.235721 1.158992 -0.082132 -1.119280
3.580000 -0.196970 -0.911368 -0.409075 0.503381 0.656458 0.291158 0.272280 1.175823 -0.102305 -1.145993
3.600000 -0.191069 -0.905559 -0.385398 0.501134 0.633279 0.298919 0.308621 1.191714 -0.122397 -1.171790
3.620000 -0.185015 -0.899025 -0.361412 0.498486 0.609593 0.306441 0.344715 1.206651 -0.142390 -1.196649
3.640000 -0.178813 -0.891772 -0.337138 0.495439 0.585419 0.313718 0.380533 1.220623 -0.162270 -1.220550
3.660000 -0.172468 -0.883806 -0.312594 0.491996 0.560777 0.320744 0.416047 1.233619 -0.182020 -1.243476
3.680000 -0.165985 -0.875132 -0.287800 0.488159 0.535687 0.327514 0.451228 1.245627 -0.201625 -1.265407
3.700000 -0.159369 -0.865759 -0.262775 0.483932 0.510168 0.334021 0.486048 1.256639 -0.221068 -1.286325
3.720000 -0.152626 -0.855693 -0.237541 0.479318 0.484241 0.340261 0.520480 1.266646 -0.240334 -1.306215
3.740000 -0.145760 -0.844942 -0.212116 0.474320 0.457926 0.346230 0.554495 1.275640 -0.259408 -1.325059
3.760000 -0.138779 -0.833516 -0.186522 0.468943 0.431245 0.351921 0.588066 1.283614 -0.278275 -1.342844
3.780000 -0.131686 -0.821423 -0.160779 0.463190 0.404220 0.357330 0.621167 1.290560 -0.296918 -1.359554
3.800000 -0.124487 -0.808673 -0.134907 0.457068 0.376870 0.362454 0.653771 1.296474 -0.315325 -1.375177
3.820000 -0.117189 -0.795276 -0.108927 0.450579 0.349220 0.367288 0.685852 1.301351 -0.333479 -1.389700
3.840000 -0.109798 -0.781242 -0.082860 0.443730 0.321290 0.371828 0.717385 1.305187 -0.351366 -1.403111
3.860000 -0.102318 -0.766584 -0.056726 0.436526 0.293103 0.376071 0.748343 1.307979 -0.368973 -1.415400
3.880000 -0.094757 -0.751313 -0.030547 0.428973 0.264681 0.380012 0.778703 1.309725 -0.386284 -1.426556
3.900000 -0.087120 -0.735440 -0.004344 0.421077 0.236048 0.383650 0.808440 1.310422 -0.403286 -1.436571
3.920000 -0.079413 -0.718979 0.021863 0.412844 0.207226 0.386981 0.837530 1.310072 -0.419966 -1.445437
3.940000 -0.071642 -0.701943 0.048052 0.404281 0.178238 0.390002 0.865951 1.308674 -0.436309 -1.453147
3.960000 -0.063815 -0.684346 0.074203 0.395394 0.149108 0.392712 0.893678 1.306228 -0.452304 -1.459695
3.980000 -0.055936 -0.666201 0.100294 0.386191 0.119858 0.395107 0.920691 1.302738 -0.467936 -1.465074
4.000000 -0.048013 -0.647523 0.126305 0.376679 0.090513 0.397186 0.946967 1.298206 -0.483195 -1.469282
4.020000 -0.040051 -0.628327 0.152215 0.366866 0.061095 0.398947 0.972486 1.292635 -0.498067 -1.472314
4.040000 -0.032057 -0.608629 0.178004 0.356759 0.031628 0.400390 0.997227 1.286030 -0.512540 -1.474169
4.060000 -0.024037 -0.588444 0.203650 0.346367 0.002136 0.401512 1.021170 1.278397 -0.526604 -1.474844
4.080000 -0.015999 -0.567787 0.229133 0.335698 -0.027358 0.402312 1.044296 1.269741 -0.540246 -1.474340
4.100000 -0.007947 -0.546677 0.254432 0.324760 -0.056830 0.402791 1.066587 1.260069 -0.553456 -1.472656
4.120000 0.000111 -0.525130 0.279529 0.313562 -0.086256 0.402948 1.088024 1.249389 -0.566223 -1.469794
4.140000 0.008169 -0.503162 0.304401 0.302114 -0.115614 0.402782 1.108592 1.237709 -0.578537 -1.465756
4.160000 0.016220 -0.480792 0.329030 0.290424 -0.144879 0.402295 1.128272 1.225040 -0.590389 -1.460546
4.180000 0.024258 -0.458037 0.353396 0.278502 -0.174028 0.401485 1.147050 1.211390 -0.601768 -1.454168
4.200000 0.032277 -0.434916 0.377480 0.266356 -0.203037 0.400354 1.164910 1.196772 -0.612666 -1.446626
4.220000 0.040270 -0.411447 0.401261 0.253998 -0.231885 0.398903 1.181838 1.181196 -0.623074 -1.437927
4.240000 0.048231 -0.387649 0.424721 0.241437 -0.260547 0.397133 1.197821 1.164675 -0.632983 -1.428078
4.260000 0.056154 -0.363541 0.447842 0.228682 -0.289000 0.395045 1.212846 1.147223 -0.642386 -1.417086
4.280000 0.064031 -0.339141 0.470604 0.215745 -0.317223 0.392641 1.226901 1.128853 -0.651275 -1.404961
4.300000 0.071857 -0.314471 0.492990 0.202635 -0.345191 0.389923 1.239974 1.109580 -0.659644 -1.391711
4.320000 0.079626 -0.289549 0.514981 0.189363 -0.372884 0.386894 1.252055 1.089419 -0.667484 -1.377349
4.340000 0.087331 -0.264396 0.536561 0.175939 -0.400278 0.383554 1.263135 1.068387 -0.674791 -1.361885
4.360000 0.094966 -0.239030 0.557711 0.162374 -0.427352 0.379908 1.273204 1.046500 -0.681557 -1.345331
4.380000 0.102525 -0.213474 0.578415 0.148680 -0.454084 0.375958 1.282255 1.023776 -0.687779 -1.327701
4.400000 0.110002 -0.187747 0.598657 0.134867 -0.480453 0.371707 1.290280 1.000233 -0.693450 -1.309009
4.420000 0.117391 -0.161870 0.618419 0.120946 -0.506437 0.367159 1.297272 0.975889 -0.698567 -1.289270
4.440000 0.124687 -0.135863 0.637687 0.106928 -0.532017 0.362317 1.303228 0.950766 -0.703125 -1.268500
4.460000 0.131882 -0.109748 0.656445 0.092825 -0.557171 0.357185 1.308140 0.924881 -0.707120 -1.246714
4.480000 0.138972 -0.083544 0.674677 0.078647 -0.581879 0.351768 1.312006 0.898257 -0.710550 -1.223932
4.500000 0.145951 -0.057274 0.692370 0.064406 -0.606121 0.346069 1.314823 0.870914 -0.713411 -1.200170
4.520000 0.152813 -0.030959 0.709509 0.050114 -0.629879 0.340093 1.316587 0.842875 -0.715701 -1.175449
4.540000 0.159553 -0.004618 0.726081 0.035782 -0.653133 0.333846 1.317299 0.814161 -0.717419 -1.149787
4.560000 0.166165 0.021726 0.742071 0.021421 -0.675864 0.327331 1.316957 0.784796 -0.718564 -1.123205
4.580000 0.172644 0.048053 0.757468 0.007044 -0.698055 0.320554 1.315561 0.754803 -0.719133 -1.095725
4.600000 0.178986 0.074342 0.772259 -0.007340 -0.719688 0.313521 1.313113 0.724207 -0.719127 -1.067368
4.620000 0.185184 0.100571 0.786433 -0.021718 -0.740744 0.306237 1.309615 0.693031 -0.718546 -1.038157
4.640000 0.191233 0.126719 0.799977 -0.036078 -0.761208 0.298708 1.305069 0.661301 -0.717390 -1.008116
4.660000 0.197130 0.152767 0.812881 -0.050409 -0.781064 0.290941 1.299478 0.629041 -0.715660 -0.977269
4.680000 0.202870 0.178692 0.825135 -0.064701 -0.800294 0.282940 1.292849 0.596279 -0.713358 -0.945640
4.700000 0.208446 0.204474 0.836729 -0.078940 -0.818884 0.274713 1.285185 0.563039 -0.710485 -0.913254
4.720000 0.213857 0.230092 0.847654 -0.093116 -0.836819 0.266267 1.276493 0.529349 -0.707043 -0.880138
4.740000 0.219096 0.255527 0.857900 -0.107218 -0.854085 0.257607 1.266780 0.495236 -0.703036 -0.846317
4.760000 0.224160 0.280757 0.867461 -0.121234 -0.870667 0.248741 1.256054 0.460726 -0.698467 -0.811820
4.780000 0.229044 0.305762 0.876327 -0.135153 -0.886553 0.239677 1.244323 0.425848 -0.693339 -0.776673
4.800000 0.233745 0.330523 0.884492 -0.148964 -0.901730 0.230420 1.231596 0.390630 -0.687656 -0.740905
4.820000 0.238260 0.355019 0.891950 -0.162655 -0.916186 0.220979 1.217884 0.355098 -0.681423 -0.704544
4.840000 0.242583 0.379232 0.898694 -0.176217 -0.929908 0.211362 1.203198 0.319283 -0.674645 -0.667620
4.860000 0.246713 0.403141 0.904720 -0.189638 -0.942887 0.201575 1.187550 0.283212 -0.667328 -0.630162
4.880000 0.250645 0.426727 0.910021 -0.202907 -0.955111 0.191627 1.170951 0.246915 -0.659476 -0.592199
4.900000 0.254377 0.449973 0.914595 -0.216013 -0.966572 0.181526 1.153416 0.210420 -0.651097 -0.553763
4.920000 0.257905 0.472858 0.918437 -0.228947 -0.977259 0.171280 1.134958 0.173757 -0.642198 -0.514884
4.940000 0.261227 0.495365 0.921544 -0.241698 -0.987164 0.160897 1.115593 0.136955 -0.632784 -0.475593
4.960000 0.264340 0.517476 0.923914 -0.254255 -0.996280 0.150385 1.095334 0.100044 -0.622864 -0.435921
4.980000 0.267242 0.539172 0.925546 -0.266609 -1.004599 0.139752 1.074200 0.063052 -0.612446 -0.395901
5.000000 0.269930 0.560438 0.926436 -0.278750 -1.012114 0.129008 1.052206 0.026010 -0.601539 -0.355564
5.020000 0.272402 0.581255 0.926586 -0.290667 -1.018819 0.118161 1.029371 -0.011053 -0.590149 -0.314943
5.040000 0.274655 0.601607 0.925994 -0.302352 -1.024710 0.107219 1.005712 -0.048107 -0.578288 -0.274069
5.060000 0.276690 0.621478 0.924662 -0.313796 -1.029781 0.096191 0.981249 -0.085123 -0.565965 -0.232977
5.080000 0.278503 0.640852 0.922590 -0.324988 -1.034028 0.085087 0.956001 -0.122070 -0.553188 -0.191698
5.100000 0.280093 0.659713 0.919780 -0.335920 -1.037448 0.073914 0.929987 -0.158920 -0.539969 -0.150265
5.120000 0.281459 0.678047 0.916234 -0.346584 -1.040038 0.062682 0.903231 -0.195643 -0.526318 -0.108713
5.140000 0.282600 0.695838 0.911955 -0.356970 -1.041796 0.051400 0.875751 -0.232209 -0.512246 -0.067074
5.160000 0.283515 0.713072 0.906947 -0.367071 -1.042720 0.040077 0.847571 -0.268589 -0.497764 -0.025380
5.180000 0.284203 0.729736 0.901213 -0.376878 -1.042811 0.028722 0.818713 -0.304755 -0.482884 0.016333
5.200000 0.284663 0.745816 0.894758 -0.386384 -1.042067 0.017344 0.789200 -0.340677 -0.467618 0.058033
5.220000 0.284896 0.761300 0.887588 -0.395580 -1.040490 0.005952 0.759056 -0.376326 -0.451978 0.099687
5.240000 0.284901 0.776174 0.879707 -0.404460 -1.038080 -0.005445 0.728304 -0.411674 -0.435976 0.141261
5.260000 0.284678 0.790428 0.871123 -0.413017 -1.034840 -0.016837 0.696970 -0.446693 -0.419625 0.182723
5.280000 0.284228 0.804049 0.861842 -0.421243 -1.030772 -0.028216 0.665078 -0.481355 -0.402939 0.224038
5.300000 0.283550 0.817027 0.851871 -0.429132 -1.025880 -0.039572 0.632654 -0.515631 -0.385930 0.265173
5.320000 0.282645 0.829352 0.841219 -0.436678 -1.020167 -0.050897 0.599725 -0.549496 -0.368613 0.306097
5.340000 0.281514 0.841013 0.829894 -0.443875 -1.013637 -0.062181 0.566315 -0.582920 -0.351000 0.346776
5.360000 0.280158 0.852002 0.817905 -0.450717 -1.006297 -0.073415 0.532453 -0.615878 -0.333107 0.387177
5.380000 0.278578 0.862309 0.805262 -0.457198 -0.998152 -0.084590 0.498164 -0.648344 -0.314948 0.427269
5.400000 0.276775 0.871926 0.791975 -0.463313 -0.989209 -0.095698 0.463477 -0.680291 -0.296537 0.467019
5.420000 0.274751 0.880845 0.778054 -0.469057 -0.979474 -0.106729 0.428419 -0.711693 -0.277888 0.506395
5.440000 0.272507 0.889060 0.763511 -0.474427 -0.968956 -0.117675 0.393019 -0.742527 -0.259017 0.545366
5.460000 0.270044 0.896564 0.748357 -0.479417 -0.957662 -0.128527 0.357304 -0.772766 -0.239939 0.583901
5.480000 0.267366 0.903350 0.732605 -0.484023 -0.945603 -0.139276 0.321303 -0.802387 -0.220669 0.621969
5.500000 0.264474 0.909414 0.716266 -0.488242 -0.932787 -0.149914 0.285046 -0.831367 -0.201222 0.659539
5.520000 0.261370 0.914751 0.699355 -0.492071 -0.919225 -0.160431 0.248560 -0.859681 -0.181615 0.696582
5.540000 0.258058 0.919355 0.681883 -0.495506 -0.904927 -0.170820 0.211875 -0.887308 -0.161862 0.733067
5.560000 0.254539 0.923225 0.663867 -0.498544 -0.889906 -0.181073 0.175021 -0.914224 -0.141979 0.768966
5.580000 0.250816 0.926355 0.645319 -0.501184 -0.874173 -0.191181 0.138027 -0.940410 -0.121983 0.804250
5.600000 0.246892 0.928745 0.626256 -0.503423 -0.857740 -0.201136 0.100923 -0.965843 -0.101890 0.838891
5.620000 0.242771 0.930392 0.606691 -0.505259 -0.840622 -0.210929 0.063738 -0.990504 -0.081715 0.872860
5.640000 0.238456 0.931294 0.586641 -0.506691 -0.822831 -0.220555 0.026501 -1.014372 -0.061475 0.906132
5.660000 0.233950 0.931452 0.566121 -0.507718 -0.804381 -0.230003 -0.010756 -1.037429 -0.041185 0.938678
5.680000 0.229257 0.930864 0.545149 -0.508339 -0.785288 -0.239268 -0.048005 -1.059655 -0.020863 0.970474
5.700000 0.224381 0.929532 0.523741 -0.508552 -0.765567 -0.248342 -0.085215 -1.081035 -0.000523 1.001493
5.720000 0.219325 0.927456 0.501913 -0.508359 -0.745234 -0.257216 -0.122357 -1.101549 0.019816 1.031711
5.740000 0.214094 0.924638 0.479685 -0.507760 -0.724304 -0.265885 -0.159402 -1.121182 0.040140 1.061104
5.760000 0.208691 0.921080 0.457072 -0.506754 -0.702796 -0.274342 -0.196319 -1.139919 0.060432 1.089648
5.780000 0.203121 0.916786 0.434094 -0.505343 -0.680724 -0.282578 -0.233078 -1.157743 0.080675 1.117320
5.800000 0.197389 0.911759 0.410769 -0.503528 -0.658109 -0.290589 -0.269652 -1.174642 0.100854 1.144098
5.820000 0.191499 0.906002 0.387115 -0.501309 -0.634967 -0.298367 -0.306009 -1.190600 0.120952 1.169961
5.840000 0.185456 0.899520 0.363151 -0.498690 -0.611317 -0.305907 -0.342122 -1.205607 0.140953 1.194889
5.860000 0.179265 0.892319 0.338897 -0.495672 -0.587177 -0.313202 -0.377961 -1.219649 0.160842 1.218860
5.880000 0.172930 0.884403 0.314371 -0.492257 -0.562569 -0.320246 -0.413498 -1.232715 0.180601 1.241857
5.900000 0.166457 0.875781 0.289595 -0.488449 -0.537510 -0.327034 -0.448704 -1.244795 0.200217 1.263860
5.920000 0.159850 0.866458 0.264586 -0.484250 -0.512021 -0.333561 -0.483551 -1.255879 0.219672 1.284852
5.940000 0.153116 0.856441 0.239366 -0.479663 -0.486123 -0.339821 -0.518012 -1.265959 0.238952 1.304816
5.960000 0.146259 0.845740 0.213955 -0.474693 -0.459835 -0.345809 -0.552057 -1.275026 0.258040 1.323736
5.980000 0.139286 0.834362 0.188372 -0.469343 -0.433180 -0.351520 -0.585662 -1.283073 0.276922 1.341598
6.000000 0.132200 0.822317 0.162639 -0.463617 -0.406179 -0.356950 -0.618797 -1.290094 0.295583 1.358386
6.020000 0.125009 0.809613 0.136775 -0.457521 -0.378852 -0.362095 -0.651438 -1.296082 0.314007 1.374088
6.040000 0.117718 0.796263 0.110802 -0.451059 -0.351222 -0.366949 -0.683558 -1.301034 0.332179 1.388690
6.060000 0.110333 0.782275 0.084741 -0.444236 -0.323312 -0.371511 -0.715131 -1.304945 0.350086 1.402182
6.080000 0.102860 0.767661 0.058611 -0.437057 -0.295143 -0.375775 -0.746132 -1.307813 0.367713 1.414552
6.100000 0.095304 0.752433 0.032435 -0.429529 -0.266737 -0.379738 -0.776535 -1.309634 0.385046 1.425790
6.120000 0.087673 0.736604 0.006233 -0.421657 -0.238119 -0.383398 -0.806318 -1.310407 0.402071 1.435888
6.140000 0.079971 0.720185 -0.019974 -0.413448 -0.209309 -0.386751 -0.835456 -1.310132 0.418774 1.444837
6.160000 0.072205 0.703190 -0.046165 -0.404909 -0.180333 -0.389795 -0.863925 -1.308809 0.435143 1.452630
6.180000 0.064381 0.685633 -0.072320 -0.396045 -0.151212 -0.392527 -0.891704 -1.306440 0.451163 1.459262
6.200000 0.056506 0.667527 -0.098416 -0.386865 -0.121970 -0.394945 -0.918769 -1.303025 0.466822 1.464726
6.220000 0.048585 0.648887 -0.124434 -0.377375 -0.092631 -0.397047 -0.945099 -1.298567 0.482108 1.469018
6.240000 0.040626 0.629728 -0.150352 -0.367583 -0.063217 -0.398831 -0.970673 -1.293071 0.497008 1.472135
6.260000 0.032634 0.610065 -0.176150 -0.357497 -0.033753 -0.400296 -0.995470 -1.286541 0.511511 1.474075
6.280000 0.024616 0.589914 -0.201806 -0.347125 -0.004262 -0.401441 -1.019471 -1.278981 0.525604 1.474835
6.300000 0.016578 0.569292 -0.227302 -0.336476 0.025232 -0.402265 -1.042657 -1.270399 0.539277 1.474416
6.320000 0.008528 0.548214 -0.252616 -0.325557 0.054707 -0.402768 -1.065009 -1.260800 0.552518 1.472817
6.340000 0.000470 0.526697 -0.277727 -0.314378 0.084137 -0.402948 -1.086508 -1.250192 0.565318 1.470040
6.360000 -0.007588 0.504759 -0.302617 -0.302947 0.113500 -0.402805 -1.107139 -1.238584 0.577665 1.466087
6.380000 -0.015640 0.482417 -0.327264 -0.291274 0.142773 -0.402341 -1.126884 -1.225986 0.589551 1.460961
6.400000 -0.023680 0.459690 -0.351650 -0.279368 0.171931 -0.401554 -1.145727 -1.212407 0.600964 1.454666
