0.000000 0.125730 -0.132105 0.640423 0.104900 -0.535669 0.361595 1.304000 0.947081 -0.703735 -1.265421 -0.623274 0.041326 -2.325031 -0.218792 -1.245911 -0.732267 -0.544259 -0.316300 0.411631 1.042513
0.020000 0.113216 -0.131226 0.593672 0.100483 -0.560370 0.346807 1.292595 0.940377 -0.695222 -1.244068 -0.628054 0.046593 -2.349714 -0.222900 -1.223989 -0.746436 -0.596194 -0.354052 0.439612 1.092707
0.040000 0.100611 -0.130241 0.546447 0.095985 -0.584622 0.331742 1.280155 0.932921 -0.686153 -1.221719 -0.632331 0.051823 -2.372518 -0.226829 -1.201087 -0.760008 -0.647653 -0.391520 0.467241 1.142026
0.060000 0.087926 -0.129153 0.498784 0.091411 -0.608407 0.316411 1.266692 0.924718 -0.676535 -1.198393 -0.636102 0.057011 -2.393424 -0.230577 -1.177225 -0.772972 -0.698593 -0.428676 0.494496 1.190431
0.080000 0.075171 -0.127961 0.450722 0.086763 -0.631705 0.300827 1.252215 0.915776 -0.666376 -1.174108 -0.639364 0.062153 -2.412416 -0.234141 -1.152421 -0.785318 -0.748975 -0.465488 0.521356 1.237884
0.100000 0.062355 -0.126667 0.402300 0.082047 -0.654498 0.285002 1.236737 0.906101 -0.655684 -1.148884 -0.642114 0.067246 -2.429477 -0.237518 -1.126695 -0.797035 -0.798757 -0.501928 0.547799 1.284347
0.120000 0.049490 -0.125272 0.353556 0.077264 -0.676767 0.268950 1.220269 0.895702 -0.644467 -1.122741 -0.644351 0.072286 -2.444595 -0.240704 -1.100068 -0.808115 -0.847900 -0.537966 0.573804 1.329783
0.140000 0.036584 -0.123776 0.304529 0.072420 -0.698495 0.252682 1.202826 0.884585 -0.632735 -1.095700 -0.646073 0.077267 -2.457758 -0.243698 -1.072561 -0.818548 -0.896366 -0.573574 0.599350 1.374154
0.160000 0.023650 -0.122182 0.255259 0.067517 -0.719664 0.236212 1.184420 0.872762 -0.620496 -1.067782 -0.647278 0.082186 -2.468954 -0.246497 -1.044196 -0.828327 -0.944114 -0.608724 0.624416 1.417427
0.180000 0.010697 -0.120489 0.205784 0.062561 -0.740257 0.219553 1.165066 0.860240 -0.607761 -1.039010 -0.647965 0.087040 -2.478176 -0.249099 -1.014996 -0.837443 -0.991106 -0.643386 0.648983 1.459566
0.200000 -0.002265 -0.118700 0.156145 0.057555 -0.760258 0.202719 1.144781 0.847030 -0.594540 -1.009407 -0.648133 0.091824 -2.485415 -0.251501 -0.984984 -0.845889 -1.037306 -0.677534 0.673031 1.500537
0.220000 -0.015225 -0.116817 0.106381 0.052502 -0.779651 0.185722 1.123579 0.833142 -0.580844 -0.978997 -0.647784 0.096535 -2.490666 -0.253702 -0.954183 -0.853658 -1.082677 -0.711139 0.696540 1.540307
0.240000 -0.028173 -0.114839 0.056532 0.047408 -0.798420 0.168577 1.101479 0.818588 -0.566682 -0.947803 -0.646916 0.101168 -2.493924 -0.255701 -0.922620 -0.860744 -1.127181 -0.744176 0.719492 1.578846
0.260000 -0.041098 -0.112770 0.006637 0.042276 -0.816551 0.151297 1.078498 0.803379 -0.552068 -0.915852 -0.645530 0.105721 -2.495188 -0.257494 -0.890318 -0.867142 -1.170783 -0.776618 0.741868 1.616122
0.280000 -0.053991 -0.110611 -0.043262 0.037110 -0.834028 0.133896 1.054654 0.787527 -0.537012 -0.883167 -0.643628 0.110189 -2.494455 -0.259082 -0.857304 -0.872847 -1.213449 -0.808438 0.763651 1.652104
0.300000 -0.066840 -0.108364 -0.093127 0.031914 -0.850839 0.116388 1.029967 0.771046 -0.521526 -0.849776 -0.641211 0.114568 -2.491727 -0.260463 -0.823605 -0.877853 -1.255144 -0.839611 0.784824 1.686766
0.320000 -0.079636 -0.106029 -0.142918 0.026693 -0.866968 0.098787 1.004455 0.753947 -0.505623 -0.815705 -0.638282 0.118857 -2.487006 -0.261635 -0.789246 -0.882156 -1.295836 -0.870113 0.805368 1.720077
0.340000 -0.092368 -0.103610 -0.192594 0.021450 -0.882404 0.081106 0.978140 0.736246 -0.489315 -0.780982 -0.634841 0.123050 -2.480295 -0.262598 -0.754257 -0.885754 -1.335490 -0.899919 0.825268 1.752013
0.360000 -0.105026 -0.101108 -0.242117 0.016190 -0.897134 0.063361 0.951043 0.717955 -0.472616 -0.745634 -0.630893 0.127144 -2.471601 -0.263351 -0.718664 -0.888644 -1.374076 -0.929005 0.844508 1.782548
0.380000 -0.117600 -0.098525 -0.291445 0.010917 -0.911147 0.045565 0.923184 0.699091 -0.455540 -0.709690 -0.626440 0.131137 -2.460929 -0.263893 -0.682496 -0.890823 -1.411563 -0.957348 0.863072 1.811656
0.400000 -0.130080 -0.095863 -0.340541 0.005636 -0.924431 0.027733 0.894588 0.679667 -0.438098 -0.673178 -0.621487 0.135025 -2.448288 -0.264224 -0.645782 -0.892289 -1.447921 -0.984925 0.880946 1.839315
0.420000 -0.142456 -0.093124 -0.389364 0.000350 -0.936975 0.009879 0.865275 0.659699 -0.420306 -0.636127 -0.616035 0.138805 -2.433689 -0.264344 -0.608551 -0.893041 -1.483121 -1.011714 0.898115 1.865503
0.440000 -0.154718 -0.090312 -0.437875 -0.004937 -0.948769 -0.007984 0.835271 0.639203 -0.402178 -0.598568 -0.610092 0.142474 -2.417143 -0.264252 -0.570834 -0.893079 -1.517134 -1.037694 0.914566 1.890199
0.460000 -0.166857 -0.087426 -0.486037 -0.010219 -0.959805 -0.025840 0.804598 0.618197 -0.383729 -0.560529 -0.603660 0.146029 -2.398664 -0.263949 -0.532660 -0.892402 -1.549934 -1.062844 0.930285 1.913382
0.480000 -0.178862 -0.084471 -0.533809 -0.015493 -0.970073 -0.043675 0.773282 0.596695 -0.364972 -0.522042 -0.596745 0.149467 -2.378265 -0.263435 -0.494059 -0.891012 -1.581493 -1.087143 0.945260 1.935035
0.500000 -0.190723 -0.081448 -0.581155 -0.020755 -0.979565 -0.061476 0.741347 0.574717 -0.345923 -0.483138 -0.589353 0.152786 -2.355965 -0.262710 -0.455064 -0.888909 -1.611788 -1.110573 0.959479 1.955140
0.520000 -0.202433 -0.078361 -0.628035 -0.026000 -0.988273 -0.079227 0.708819 0.552278 -0.326598 -0.443847 -0.581489 0.155982 -2.331779 -0.261774 -0.415705 -0.886095 -1.640793 -1.133114 0.972931 1.973681
0.540000 -0.213980 -0.075210 -0.674413 -0.031225 -0.996191 -0.096915 0.675724 0.529398 -0.307011 -0.404201 -0.573160 0.159054 -2.305729 -0.260630 -0.376013 -0.882572 -1.668486 -1.154749 0.985604 1.990643
0.560000 -0.225356 -0.071999 -0.720252 -0.036424 -1.003312 -0.114525 0.642088 0.506095 -0.287179 -0.364232 -0.564373 0.161998 -2.277833 -0.259277 -0.336020 -0.878342 -1.694844 -1.175460 0.997488 2.006013
0.580000 -0.236552 -0.068731 -0.765514 -0.041594 -1.009630 -0.132044 0.607939 0.482386 -0.267117 -0.323972 -0.555134 0.164813 -2.248116 -0.257716 -0.295759 -0.873411 -1.719846 -1.195231 1.008575 2.019778
0.600000 -0.247558 -0.065408 -0.810165 -0.046731 -1.015140 -0.149457 0.573304 0.458292 -0.246841 -0.283452 -0.545451 0.167496 -2.216600 -0.255950 -0.255260 -0.867780 -1.743472 -1.214046 1.018855 2.031927
0.620000 -0.258367 -0.062032 -0.854167 -0.051831 -1.019839 -0.166750 0.538209 0.433831 -0.226368 -0.242705 -0.535332 0.170045 -2.183312 -0.253978 -0.214558 -0.861456 -1.765704 -1.231890 1.028320 2.042451
0.640000 -0.268969 -0.058607 -0.897485 -0.056889 -1.023721 -0.183910 0.502685 0.409023 -0.205714 -0.201765 -0.524785 0.172458 -2.148276 -0.251804 -0.173684 -0.854442 -1.786523 -1.248748 1.036962 2.051341
0.660000 -0.279355 -0.055135 -0.940086 -0.061902 -1.026785 -0.200923 0.466758 0.383887 -0.184895 -0.160663 -0.513817 0.174733 -2.111522 -0.249428 -0.132671 -0.846745 -1.805914 -1.264607 1.044774 2.058590
0.680000 -0.289519 -0.051618 -0.981935 -0.066865 -1.029028 -0.217776 0.430458 0.358445 -0.163929 -0.119432 -0.502439 0.176868 -2.073079 -0.246852 -0.091552 -0.838370 -1.823859 -1.279455 1.051751 2.064192
0.700000 -0.299450 -0.048061 -1.022998 -0.071774 -1.030447 -0.234454 0.393813 0.332716 -0.142831 -0.078106 -0.490659 0.178862 -2.032978 -0.244079 -0.050360 -0.829325 -1.840346 -1.293279 1.057887 2.068143
0.720000 -0.309142 -0.044465 -1.063243 -0.076627 -1.031042 -0.250944 0.356854 0.306721 -0.121619 -0.036717 -0.478486 0.180712 -1.991250 -0.241111 -0.009128 -0.819617 -1.855360 -1.306069 1.063176 2.070440
0.740000 -0.318587 -0.040833 -1.102638 -0.081418 -1.030812 -0.267234 0.319609 0.280480 -0.100309 0.004701 -0.465931 0.182419 -1.947930 -0.237950 0.032112 -0.809252 -1.868890 -1.317813 1.067615 2.071080
0.760000 -0.327777 -0.037169 -1.141150 -0.086143 -1.029757 -0.283310 0.282108 0.254015 -0.078920 0.046115 -0.453003 0.183979 -1.903051 -0.234599 0.073326 -0.798241 -1.880925 -1.328504 1.071200 2.070064
0.780000 -0.336705 -0.033475 -1.178750 -0.090800 -1.027879 -0.299159 0.244382 0.227347 -0.057467 0.087492 -0.439712 0.185392 -1.856650 -0.231059 0.114482 -0.786591 -1.891456 -1.338132 1.073928 2.067391
0.800000 -0.345363 -0.029754 -1.215406 -0.095385 -1.025179 -0.314769 0.206460 0.200497 -0.035968 0.128799 -0.426070 0.186656 -1.808764 -0.227336 0.155546 -0.774311 -1.900473 -1.346689 1.075797 2.063065
0.820000 -0.353745 -0.026010 -1.251091 -0.099893 -1.021658 -0.330128 0.168373 0.173487 -0.014441 0.170004 -0.412087 0.187772 -1.759430 -0.223430 0.196485 -0.761412 -1.907970 -1.354170 1.076805 2.057089
0.840000 -0.361845 -0.022244 -1.285774 -0.104321 -1.017320 -0.345222 0.130151 0.146338 0.007098 0.211072 -0.397774 0.188737 -1.708690 -0.219345 0.237268 -0.747904 -1.913941 -1.360566 1.076952 2.049467
0.860000 -0.369654 -0.018461 -1.319429 -0.108665 -1.012169 -0.360040 0.091826 0.119071 0.028631 0.251971 -0.383143 0.189551 -1.656582 -0.215085 0.277860 -0.733798 -1.918381 -1.365875 1.076237 2.040205
0.880000 -0.377168 -0.014663 -1.352028 -0.112923 -1.006207 -0.374570 0.053426 0.091710 0.050142 0.292669 -0.368206 0.190214 -1.603150 -0.210653 0.318230 -0.719105 -1.921286 -1.370091 1.074662 2.029312
0.900000 -0.384381 -0.010854 -1.383546 -0.117090 -0.999441 -0.388800 0.014984 0.064275 0.071612 0.333133 -0.352974 0.190724 -1.548434 -0.206053 0.358346 -0.703837 -1.922655 -1.373211 1.072227 2.016795
0.920000 -0.391285 -0.007035 -1.413958 -0.121164 -0.991876 -0.402720 -0.023470 0.036789 0.093025 0.373330 -0.337459 0.191082 -1.492481 -0.201287 0.398175 -0.688005 -1.922485 -1.375232 1.068934 2.002665
0.940000 -0.397877 -0.003212 -1.443238 -0.125141 -0.983516 -0.416317 -0.061905 0.009273 0.114364 0.413229 -0.321675 0.191287 -1.435333 -0.196361 0.437685 -0.671623 -1.920777 -1.376154 1.064785 1.986932
0.960000 -0.404151 0.000615 -1.471363 -0.129017 -0.974370 -0.429581 -0.100290 -0.018250 0.135611 0.452797 -0.305633 0.191339 -1.377037 -0.191277 0.476846 -0.654704 -1.917533 -1.375974 1.059786 1.969611
0.980000 -0.410101 0.004441 -1.498312 -0.132791 -0.964445 -0.442502 -0.138596 -0.045759 0.156749 0.492003 -0.289347 0.191238 -1.317639 -0.186041 0.515625 -0.637262 -1.912755 -1.374694 1.053938 1.950714
1.000000 -0.415723 0.008263 -1.524062 -0.136458 -0.953748 -0.455068 -0.176790 -0.073230 0.177763 0.530815 -0.272830 0.190983 -1.257188 -0.180655 0.553991 -0.619309 -1.906447 -1.372314 1.047247 1.930256
1.020000 -0.421013 0.012079 -1.548593 -0.140016 -0.942288 -0.467271 -0.214844 -0.100644 0.198634 0.569203 -0.256094 0.190577 -1.195731 -0.175126 0.591914 -0.600861 -1.898614 -1.368836 1.039719 1.908254
1.040000 -0.425965 0.015886 -1.571885 -0.143462 -0.930075 -0.479099 -0.252725 -0.127977 0.219346 0.607135 -0.239153 0.190017 -1.133317 -0.169456 0.629364 -0.581932 -1.889262 -1.364263 1.031359 1.884726
1.060000 -0.430577 0.019679 -1.593919 -0.146793 -0.917117 -0.490545 -0.290404 -0.155207 0.239883 0.644582 -0.222021 0.189306 -1.069997 -0.163650 0.666310 -0.562538 -1.878399 -1.358599 1.022174 1.859690
1.080000 -0.434845 0.023457 -1.614679 -0.150007 -0.903426 -0.501598 -0.327851 -0.182313 0.260227 0.681513 -0.204712 0.188443 -1.005821 -0.157714 0.702724 -0.542694 -1.866033 -1.351848 1.012171 1.833166
1.100000 -0.438765 0.027216 -1.634147 -0.153101 -0.889012 -0.512250 -0.365035 -0.209274 0.280364 0.717899 -0.187238 0.187430 -0.940840 -0.151651 0.738575 -0.522416 -1.852174 -1.344016 1.001358 1.805176
1.120000 -0.442334 0.030953 -1.652307 -0.156072 -0.873887 -0.522492 -0.401928 -0.236067 0.300276 0.753710 -0.169615 0.186266 -0.875106 -0.145467 0.773835 -0.501719 -1.836834 -1.335109 0.989745 1.775742
1.140000 -0.445548 0.034665 -1.669146 -0.158919 -0.858063 -0.532316 -0.438499 -0.262671 0.319949 0.788919 -0.151856 0.184954 -0.808673 -0.139167 0.808476 -0.480622 -1.820024 -1.325133 0.977339 1.744887
1.160000 -0.448407 0.038350 -1.684650 -0.161638 -0.841552 -0.541714 -0.474719 -0.289065 0.339365 0.823496 -0.133976 0.183493 -0.741592 -0.132755 0.842471 -0.459140 -1.801759 -1.314098 0.964152 1.712637
1.180000 -0.450907 0.042004 -1.698806 -0.164228 -0.824368 -0.550679 -0.510560 -0.315228 0.358510 0.857415 -0.115989 0.181886 -0.673919 -0.126238 0.875792 -0.437291 -1.782052 -1.302011 0.950194 1.679016
1.200000 -0.453046 0.045625 -1.711603 -0.166687 -0.806525 -0.559203 -0.545992 -0.341139 0.377367 0.890648 -0.097908 0.180133 -0.605706 -0.119619 0.908412 -0.415091 -1.760919 -1.288883 0.935475 1.644053
1.220000 -0.454823 0.049208 -1.723031 -0.169012 -0.788037 -0.567280 -0.580987 -0.366776 0.395924 0.923169 -0.079750 0.178237 -0.537009 -0.112905 0.940305 -0.392560 -1.738378 -1.274724 0.920008 1.607774
1.240000 -0.456235 0.052753 -1.733081 -0.171203 -0.768918 -0.574904 -0.615517 -0.392121 0.414163 0.954951 -0.061527 0.176197 -0.467882 -0.106100 0.971446 -0.369715 -1.714446 -1.259545 0.903806 1.570209
1.260000 -0.457283 0.056255 -1.741744 -0.173256 -0.749184 -0.582067 -0.649556 -0.417151 0.432071 0.985969 -0.043256 0.174017 -0.398381 -0.099210 1.001810 -0.346574 -1.689143 -1.243358 0.886880 1.531388
1.280000 -0.457965 0.059713 -1.749014 -0.175171 -0.728851 -0.588765 -0.683074 -0.441848 0.449633 1.016198 -0.024950 0.171697 -0.328561 -0.092241 1.031373 -0.323156 -1.662489 -1.226177 0.869244 1.491342
1.300000 -0.458281 0.063122 -1.754885 -0.176945 -0.707935 -0.594991 -0.716046 -0.466192 0.466836 1.045614 -0.006623 0.169241 -0.258478 -0.085198 1.060111 -0.299479 -1.634505 -1.208015 0.850914 1.450103
1.320000 -0.458230 0.066482 -1.759351 -0.178578 -0.686452 -0.600742 -0.748446 -0.490163 0.483665 1.074194 0.011708 0.166648 -0.188189 -0.078087 1.088000 -0.275563 -1.605213 -1.188887 0.831903 1.407704
1.340000 -0.457813 0.069787 -1.762411 -0.180068 -0.664420 -0.606013 -0.780246 -0.513741 0.500108 1.101915 0.030030 0.163923 -0.117749 -0.070914 1.115019 -0.251426 -1.574637 -1.168807 0.812226 1.364179
1.360000 -0.457029 0.073038 -1.764061 -0.181414 -0.641857 -0.610798 -0.811423 -0.536909 0.516150 1.128754 0.048328 0.161066 -0.047215 -0.063684 1.141147 -0.227088 -1.542801 -1.147793 0.791899 1.319563
1.380000 -0.455880 0.076229 -1.764299 -0.182615 -0.618781 -0.615095 -0.841950 -0.559647 0.531780 1.154690 0.066588 0.158080 0.023357 -0.056403 1.166361 -0.202569 -1.509732 -1.125860 0.770939 1.273891
1.400000 -0.454366 0.079360 -1.763127 -0.183670 -0.595209 -0.618900 -0.871804 -0.581937 0.546984 1.179703 0.084794 0.154968 0.093910 -0.049077 1.190643 -0.177887 -1.475454 -1.103027 0.749363 1.227200
1.420000 -0.452489 0.082427 -1.760544 -0.184578 -0.571161 -0.622209 -0.900960 -0.603762 0.561750 1.203772 0.102932 0.151733 0.164388 -0.041711 1.213972 -0.153064 -1.439997 -1.079312 0.727186 1.179527
1.440000 -0.450249 0.085428 -1.756552 -0.185338 -0.546657 -0.625021 -0.929396 -0.625104 0.576067 1.226878 0.120988 0.148375 0.234735 -0.034312 1.236329 -0.128117 -1.403387 -1.054733 0.704429 1.130911
1.460000 -0.447650 0.088361 -1.751155 -0.185950 -0.521715 -0.627333 -0.957088 -0.645946 0.589923 1.249002 0.138947 0.144899 0.304894 -0.026886 1.257698 -0.103068 -1.365655 -1.029310 0.681107 1.081390
1.480000 -0.444692 0.091224 -1.744358 -0.186414 -0.496355 -0.629144 -0.984015 -0.666271 0.603308 1.270128 0.156795 0.141307 0.374809 -0.019438 1.278061 -0.077937 -1.326830 -1.003064 0.657241 1.031004
1.500000 -0.441379 0.094013 -1.736165 -0.186728 -0.470599 -0.630450 -1.010155 -0.686063 0.616210 1.290237 0.174518 0.137602 0.444424 -0.011975 1.297401 -0.052744 -1.286944 -0.976015 0.632849 0.979793
1.520000 -0.437713 0.096727 -1.726583 -0.186892 -0.444466 -0.631253 -1.035486 -0.705306 0.628618 1.309314 0.192101 0.133787 0.513683 -0.004502 1.315704 -0.027508 -1.246029 -0.948186 0.607951 0.927799
1.540000 -0.433696 0.099364 -1.715620 -0.186908 -0.417978 -0.631551 -1.059989 -0.723985 0.640524 1.327344 0.209530 0.129865 0.582532 0.002974 1.332954 -0.002250 -1.204116 -0.919599 0.582566 0.875062
1.560000 -0.429332 0.101921 -1.703285 -0.186774 -0.391155 -0.631343 -1.083644 -0.742085 0.651918 1.344312 0.226792 0.125839 0.650915 0.010449 1.349138 0.023009 -1.161241 -0.890275 0.556716 0.821625
1.580000 -0.424625 0.104397 -1.689587 -0.186490 -0.364020 -0.630630 -1.106433 -0.759591 0.662790 1.360205 0.243872 0.121713 0.718777 0.017914 1.364242 0.048251 -1.117436 -0.860240 0.530420 0.767531
1.600000 -0.419579 0.106789 -1.674538 -0.186057 -0.336593 -0.629413 -1.128336 -0.776490 0.673132 1.375009 0.260757 0.117489 0.786064 0.025366 1.378255 0.073453 -1.072738 -0.829516 0.503700 0.712823
1.620000 -0.414197 0.109095 -1.658149 -0.185475 -0.308897 -0.627693 -1.149336 -0.792768 0.682935 1.388714 0.277434 0.113171 0.852722 0.032797 1.391166 0.098597 -1.027182 -0.798129 0.476576 0.657545
1.640000 -0.408483 0.111315 -1.640434 -0.184745 -0.280954 -0.625470 -1.169418 -0.808411 0.692192 1.401307 0.293889 0.108762 0.918698 0.040202 1.402964 0.123662 -0.980803 -0.766103 0.449072 0.601741
1.660000 -0.402443 0.113445 -1.621406 -0.183868 -0.252786 -0.622747 -1.188563 -0.823408 0.700896 1.412780 0.310108 0.104267 0.983939 0.047575 1.413639 0.148628 -0.933641 -0.733464 0.421208 0.545456
1.680000 -0.396080 0.115485 -1.601081 -0.182843 -0.224416 -0.619526 -1.206758 -0.837746 0.709038 1.423123 0.326080 0.099688 1.048393 0.054909 1.423184 0.173475 -0.885731 -0.700239 0.393008 0.488734
1.700000 -0.389401 0.117432 -1.579476 -0.181671 -0.195866 -0.615809 -1.223988 -0.851414 0.716614 1.432327 0.341791 0.095029 1.112009 0.062200 1.431590 0.198183 -0.837113 -0.666454 0.364493 0.431621
1.720000 -0.382410 0.119286 -1.556607 -0.180355 -0.167160 -0.611599 -1.240238 -0.864400 0.723616 1.440385 0.357228 0.090294 1.174734 0.069441 1.438851 0.222733 -0.787825 -0.632135 0.335686 0.374163
1.740000 -0.375114 0.121044 -1.532493 -0.178894 -0.138320 -0.606901 -1.255497 -0.876696 0.730040 1.447291 0.372379 0.085487 1.236520 0.076626 1.444961 0.247105 -0.737907 -0.597311 0.306611 0.316406
1.760000 -0.367517 0.122705 -1.507153 -0.177290 -0.109369 -0.601716 -1.269751 -0.888290 0.735879 1.453040 0.387233 0.080612 1.297317 0.083751 1.449915 0.271279 -0.687399 -0.562009 0.277291 0.258395
1.780000 -0.359627 0.124268 -1.480607 -0.175545 -0.080331 -0.596051 -1.282989 -0.899173 0.741130 1.457626 0.401777 0.075672 1.357077 0.090808 1.453710 0.295236 -0.636341 -0.526257 0.247749 0.200178
1.800000 -0.351448 0.125731 -1.452877 -0.173658 -0.051228 -0.589909 -1.295201 -0.909337 0.745788 1.461046 0.415999 0.070672 1.415750 0.097792 1.456341 0.318956 -0.584773 -0.490085 0.218008 0.141801
1.820000 -0.342989 0.127094 -1.423984 -0.171633 -0.022085 -0.583294 -1.306377 -0.918774 0.749849 1.463297 0.429889 0.065615 1.473291 0.104699 1.457807 0.342422 -0.532738 -0.453520 0.188094 0.083310
1.840000 -0.334255 0.128356 -1.393953 -0.169471 0.007076 -0.576214 -1.316507 -0.927475 0.753310 1.464378 0.443435 0.060506 1.529654 0.111521 1.458107 0.365614 -0.480277 -0.416593 0.158029 0.024752
1.860000 -0.325254 0.129514 -1.362806 -0.167173 0.036232 -0.568672 -1.325585 -0.935435 0.756169 1.464287 0.456626 0.055348 1.584793 0.118254 1.457241 0.388513 -0.427432 -0.379332 0.127837 -0.033825
1.880000 -0.315993 0.130569 -1.330570 -0.164742 0.065358 -0.560675 -1.333602 -0.942647 0.758423 1.463025 0.469451 0.050146 1.638664 0.124893 1.455209 0.411101 -0.374245 -0.341768 0.097543 -0.092375
1.900000 -0.306478 0.131520 -1.297269 -0.162178 0.094432 -0.552230 -1.340553 -0.949104 0.760070 1.460593 0.481902 0.044904 1.691224 0.131432 1.452013 0.433361 -0.320758 -0.303930 0.067171 -0.150851
1.920000 -0.296719 0.132365 -1.262930 -0.159485 0.123431 -0.543343 -1.346431 -0.954802 0.761110 1.456992 0.493966 0.039626 1.742431 0.137866 1.447656 0.455274 -0.267015 -0.265849 0.036746 -0.209207
1.940000 -0.286722 0.133105 -1.227581 -0.156664 0.152331 -0.534021 -1.351232 -0.959737 0.761540 1.452225 0.505636 0.034316 1.792245 0.144189 1.442140 0.476823 -0.213058 -0.227556 0.006291 -0.267395
1.960000 -0.276496 0.133738 -1.191250 -0.153718 0.181109 -0.524273 -1.354952 -0.963903 0.761361 1.446297 0.516901 0.028979 1.840625 0.150397 1.435471 0.497990 -0.158930 -0.189081 -0.024170 -0.325369
1.980000 -0.266049 0.134264 -1.153965 -0.150649 0.209742 -0.514104 -1.357588 -0.967299 0.760573 1.439212 0.527753 0.023619 1.887532 0.156485 1.427653 0.518759 -0.104676 -0.150454 -0.054610 -0.383083
2.000000 -0.255389 0.134682 -1.115758 -0.147460 0.238207 -0.503525 -1.359139 -0.969921 0.759177 1.430976 0.538182 0.018239 1.932930 0.162448 1.418694 0.539113 -0.050338 -0.111707 -0.085007 -0.440491
2.020000 -0.244525 0.134993 -1.076659 -0.144152 0.266482 -0.492543 -1.359602 -0.971767 0.757174 1.421595 0.548181 0.012845 1.976781 0.168280 1.408599 0.559035 0.004041 -0.072871 -0.115336 -0.497546
2.040000 -0.233465 0.135196 -1.036698 -0.140729 0.294544 -0.481167 -1.358977 -0.972835 0.754564 1.411077 0.557742 0.007441 2.019051 0.173978 1.397378 0.578511 0.058416 -0.033976 -0.145573 -0.554203
2.060000 -0.222218 0.135291 -0.995907 -0.137194 0.322370 -0.469405 -1.357265 -0.973125 0.751351 1.399430 0.566856 0.002031 2.059706 0.179537 1.385039 0.597524 0.112744 0.004946 -0.175693 -0.610417
2.080000 -0.210793 0.135277 -0.954320 -0.133549 0.349938 -0.457269 -1.354468 -0.972637 0.747538 1.386663 0.575517 -0.003380 2.098713 0.184952 1.371592 0.616058 0.166983 0.043863 -0.205673 -0.666143
2.100000 -0.199200 0.135155 -0.911970 -0.129797 0.377226 -0.444766 -1.350587 -0.971371 0.743126 1.372788 0.583717 -0.008789 2.136041 0.190219 1.357048 0.634100 0.221087 0.082746 -0.235488 -0.721336
2.120000 -0.187448 0.134926 -0.868890 -0.125941 0.404213 -0.431908 -1.345626 -0.969328 0.738119 1.357814 0.591451 -0.014191 2.171661 0.195335 1.341418 0.651635 0.275015 0.121563 -0.265115 -0.775951
2.140000 -0.175545 0.134588 -0.825115 -0.121984 0.430876 -0.418705 -1.339588 -0.966509 0.732522 1.341754 0.598711 -0.019582 2.205543 0.200293 1.324715 0.668648 0.328723 0.160282 -0.294530 -0.829946
2.160000 -0.163503 0.134142 -0.780680 -0.117930 0.457194 -0.405166 -1.332478 -0.962917 0.726340 1.324620 0.605492 -0.024957 2.237661 0.205092 1.306952 0.685127 0.382168 0.198873 -0.323709 -0.883277
2.180000 -0.151329 0.133590 -0.735621 -0.113782 0.483147 -0.391303 -1.324303 -0.958555 0.719576 1.306427 0.611789 -0.030312 2.267989 0.209727 1.288144 0.701057 0.435307 0.237305 -0.352630 -0.935902
2.200000 -0.139034 0.132930 -0.689973 -0.109542 0.508713 -0.377127 -1.315069 -0.953426 0.712236 1.287189 0.617597 -0.035643 2.296503 0.214193 1.268306 0.716427 0.488098 0.275547 -0.381268 -0.987777
2.220000 -0.126628 0.132164 -0.643773 -0.105215 0.533872 -0.362650 -1.304782 -0.947535 0.704327 1.266922 0.622911 -0.040945 2.323180 0.218489 1.247453 0.731223 0.540499 0.313569 -0.409601 -1.038863
2.240000 -0.114121 0.131293 -0.597058 -0.100804 0.558605 -0.347882 -1.293451 -0.940885 0.695854 1.245640 0.627726 -0.046215 2.347998 0.222609 1.225602 0.745435 0.592467 0.351340 -0.437606 -1.089118
2.260000 -0.101523 0.130316 -0.549865 -0.096312 0.582890 -0.332836 -1.281086 -0.933483 0.686825 1.223363 0.632039 -0.051447 2.370938 0.226552 1.202770 0.759050 0.643961 0.388830 -0.465262 -1.138501
2.280000 -0.088843 0.129235 -0.502233 -0.091743 0.606709 -0.317524 -1.267696 -0.925334 0.677246 1.200106 0.635847 -0.056638 2.391981 0.230313 1.178977 0.772058 0.694940 0.426009 -0.492545 -1.186974
2.300000 -0.076092 0.128051 -0.454199 -0.087101 0.630043 -0.301958 -1.253292 -0.916445 0.667126 1.175890 0.639146 -0.061784 2.411111 0.233891 1.154240 0.784449 0.745363 0.462847 -0.519434 -1.234497
2.320000 -0.063281 0.126764 -0.405801 -0.082389 0.652872 -0.286151 -1.237886 -0.906823 0.656472 1.150733 0.641933 -0.066881 2.428312 0.237281 1.128580 0.796212 0.795190 0.499315 -0.545908 -1.281032
2.340000 -0.050418 0.125376 -0.357079 -0.077611 0.675180 -0.270114 -1.221489 -0.896475 0.645293 1.124656 0.644207 -0.071924 2.443571 0.240481 1.102017 0.807338 0.844381 0.535383 -0.571945 -1.326543
2.360000 -0.037516 0.123887 -0.308072 -0.072771 0.696947 -0.253861 -1.204115 -0.885410 0.633597 1.097678 0.645966 -0.076910 2.456875 0.243489 1.074573 0.817818 0.892896 0.571023 -0.597525 -1.370993
2.380000 -0.024583 0.122300 -0.258817 -0.067873 0.718157 -0.237406 -1.185778 -0.873637 0.621395 1.069823 0.647208 -0.081834 2.468213 0.246302 1.046269 0.827644 0.940697 0.606206 -0.622626 -1.414346
2.400000 -0.011631 0.120614 -0.209356 -0.062920 0.738792 -0.220760 -1.166492 -0.861165 0.608695 1.041112 0.647933 -0.086692 2.477578 0.248918 1.017128 0.836808 0.987746 0.640905 -0.647229 -1.456567
2.420000 0.001331 0.118832 -0.159728 -0.057917 0.758837 -0.203938 -1.146273 -0.848005 0.595509 1.011568 0.648139 -0.091482 2.484960 0.251335 0.987173 0.845302 1.034004 0.675090 -0.671315 -1.497624
2.440000 0.014291 0.116956 -0.109971 -0.052868 0.778274 -0.186952 -1.125138 -0.834165 0.581846 0.981215 0.647826 -0.096198 2.490354 0.253550 0.956429 0.853121 1.079435 0.708736 -0.694864 -1.537482
2.460000 0.027240 0.114985 -0.060127 -0.047777 0.797089 -0.169817 -1.103102 -0.819659 0.567718 0.950077 0.646995 -0.100837 2.493756 0.255563 0.924920 0.860257 1.124003 0.741815 -0.717857 -1.576110
2.480000 0.040168 0.112923 -0.010234 -0.042647 0.815266 -0.152547 -1.080184 -0.804497 0.553136 0.918179 0.645647 -0.105395 2.495164 0.257372 0.892670 0.866704 1.167672 0.774300 -0.740275 -1.613478
2.500000 0.053063 0.110770 0.039667 -0.037483 0.832791 -0.135154 -1.056401 -0.788691 0.538111 0.885547 0.643783 -0.109870 2.494575 0.258975 0.859707 0.872459 1.210406 0.806166 -0.762102 -1.649555
2.520000 0.065915 0.108528 0.089536 -0.032289 0.849650 -0.117653 -1.031774 -0.772254 0.522656 0.852206 0.641403 -0.114256 2.491991 0.260370 0.826056 0.877515 1.252172 0.837387 -0.783318 -1.684312
2.540000 0.078715 0.106200 0.139333 -0.027070 0.865829 -0.100058 -1.006321 -0.755200 0.506783 0.818183 0.638510 -0.118551 2.487413 0.261558 0.791744 0.881870 1.292937 0.867938 -0.803909 -1.717722
2.560000 0.091452 0.103787 0.189019 -0.021828 0.881315 -0.082383 -0.980063 -0.737542 0.490504 0.783506 0.635106 -0.122751 2.480845 0.262536 0.756799 0.885519 1.332667 0.897795 -0.823856 -1.749758
2.580000 0.104116 0.101291 0.238553 -0.016570 0.896097 -0.064642 -0.953021 -0.719293 0.473833 0.748202 0.631195 -0.126853 2.472293 0.263304 0.721248 0.888459 1.371332 0.926933 -0.843144 -1.780394
2.600000 0.116697 0.098714 0.287897 -0.011298 0.910161 -0.046849 -0.925217 -0.700469 0.456783 0.712300 0.626778 -0.130853 2.461764 0.263861 0.685121 0.890689 1.408899 0.955331 -0.861757 -1.809606
2.620000 0.129184 0.096057 0.337011 -0.006017 0.923498 -0.029019 -0.896673 -0.681085 0.439367 0.675828 0.621860 -0.134749 2.449265 0.264207 0.648445 0.892207 1.445339 0.982964 -0.879681 -1.837371
2.640000 0.141568 0.093324 0.385855 -0.000731 0.936096 -0.011166 -0.867411 -0.661156 0.421600 0.638815 0.616445 -0.138536 2.434806 0.264342 0.611251 0.893011 1.480623 1.009810 -0.896902 -1.863665
2.660000 0.153839 0.090517 0.434390 0.004556 0.947945 0.006697 -0.837456 -0.640698 0.403496 0.601291 0.610536 -0.142214 2.418400 0.264266 0.573568 0.893100 1.514723 1.035849 -0.913405 -1.888469
2.680000 0.165986 0.087637 0.482578 0.009839 0.959035 0.024553 -0.806831 -0.619727 0.385069 0.563286 0.604139 -0.145777 2.400060 0.263978 0.535425 0.892475 1.547611 1.061059 -0.929177 -1.911762
2.700000 0.178001 0.084686 0.530380 0.015113 0.969359 0.042391 -0.775560 -0.598261 0.366334 0.524831 0.597259 -0.149223 2.379799 0.263479 0.496855 0.891136 1.579261 1.085420 -0.944206 -1.933526
2.720000 0.189873 0.081668 0.577757 0.020376 0.978907 0.060194 -0.743669 -0.576316 0.347306 0.485955 0.589901 -0.152551 2.357635 0.262769 0.457887 0.889084 1.609647 1.108914 -0.958480 -1.953743
2.740000 0.201594 0.078585 0.624673 0.025623 0.987672 0.077949 -0.711182 -0.553911 0.328000 0.446691 0.582071 -0.155756 2.333585 0.261849 0.418553 0.886321 1.638746 1.131520 -0.971987 -1.972397
2.760000 0.213153 0.075439 0.671088 0.030849 0.995647 0.095642 -0.678127 -0.531062 0.308431 0.407070 0.573776 -0.158837 2.307668 0.260719 0.378884 0.882849 1.666534 1.153221 -0.984717 -1.989474
2.780000 0.224542 0.072233 0.716967 0.036050 1.002825 0.113259 -0.644530 -0.507788 0.288616 0.367123 0.565021 -0.161790 2.279905 0.259381 0.338912 0.878671 1.692989 1.173999 -0.996658 -2.004958
2.800000 0.235751 0.068968 0.762272 0.041223 1.009201 0.130784 -0.610417 -0.484108 0.268570 0.326882 0.555815 -0.164615 2.250318 0.257836 0.298669 0.873790 1.718090 1.193838 -1.007803 -2.018840
2.820000 0.246771 0.065649 0.806968 0.046362 1.014770 0.148206 -0.575816 -0.460041 0.248309 0.286380 0.546164 -0.167307 2.218931 0.256084 0.258186 0.868209 1.741816 1.212722 -1.018141 -2.031106
2.840000 0.257595 0.062277 0.851018 0.051465 1.019527 0.165508 -0.540754 -0.435605 0.227850 0.245649 0.536076 -0.169866 2.185769 0.254127 0.217498 0.861935 1.764149 1.230637 -1.027665 -2.041747
2.860000 0.268212 0.058855 0.894387 0.056526 1.023469 0.182678 -0.505259 -0.410822 0.207208 0.204721 0.525559 -0.172289 2.150859 0.251967 0.176635 0.854971 1.785071 1.247566 -1.036367 -2.050755
2.880000 0.278614 0.055386 0.937041 0.061542 1.026592 0.199702 -0.469360 -0.385709 0.186401 0.163630 0.514622 -0.174574 2.114228 0.249606 0.135631 0.847322 1.804564 1.263498 -1.044239 -2.058122
2.900000 0.288794 0.051873 0.978945 0.066509 1.028893 0.216567 -0.433086 -0.360289 0.165444 0.122407 0.503273 -0.176719 2.075906 0.247045 0.094519 0.838997 1.822614 1.278419 -1.051277 -2.063844
2.920000 0.298742 0.048318 1.020066 0.071422 1.030372 0.233258 -0.396465 -0.334580 0.144355 0.081087 0.491521 -0.178723 2.035923 0.244286 0.053331 0.829999 1.839206 1.292317 -1.057473 -2.067914
2.940000 0.308452 0.044725 1.060371 0.076279 1.031026 0.249762 -0.359528 -0.308603 0.123151 0.039702 0.479377 -0.180584 1.994311 0.241332 0.012100 0.820338 1.854327 1.305182 -1.062824 -2.070330
2.960000 0.317915 0.041096 1.099828 0.081074 1.030856 0.266067 -0.322302 -0.282379 0.101848 -0.001715 0.466848 -0.182300 1.951105 0.238184 -0.029140 0.810021 1.867965 1.317002 -1.067324 -2.071089
2.980000 0.327123 0.037434 1.138405 0.085805 1.029861 0.282159 -0.284819 -0.255930 0.080464 -0.043131 0.453947 -0.183871 1.906337 0.234846 -0.070358 0.799056 1.880108 1.327769 -1.070970 -2.070192
3.000000 0.336070 0.033742 1.176071 0.090467 1.028042 0.298025 -0.247108 -0.229276 0.059015 -0.084512 0.440682 -0.185295 1.860044 0.231321 -0.111518 0.787451 1.890747 1.337474 -1.073760 -2.067639
3.020000 0.344748 0.030023 1.212796 0.095057 1.025401 0.313653 -0.209199 -0.202438 0.037519 -0.125825 0.427065 -0.186570 1.812264 0.227610 -0.152590 0.775217 1.899874 1.346109 -1.075691 -2.063432
3.040000 0.353151 0.026280 1.248552 0.099570 1.021939 0.329029 -0.171123 -0.175438 0.015993 -0.167038 0.413106 -0.187696 1.763034 0.223717 -0.193539 0.762363 1.907481 1.353667 -1.076761 -2.057575
3.060000 0.361270 0.022516 1.283308 0.104004 1.017660 0.344143 -0.132910 -0.148299 -0.005546 -0.208117 0.398816 -0.188672 1.712393 0.219645 -0.234334 0.748898 1.913562 1.360142 -1.076970 -2.050071
3.080000 0.369101 0.018735 1.317038 0.108355 1.012567 0.358981 -0.094591 -0.121040 -0.027080 -0.249030 0.384208 -0.189497 1.660383 0.215398 -0.274941 0.734835 1.918112 1.365529 -1.076318 -2.040928
3.100000 0.376637 0.014938 1.349715 0.112619 1.006664 0.373533 -0.056196 -0.093685 -0.048593 -0.289744 0.369292 -0.190171 1.607044 0.210978 -0.315329 0.720183 1.921128 1.369824 -1.074804 -2.030151
3.120000 0.383871 0.011129 1.381312 0.116793 0.999956 0.387785 -0.017756 -0.066254 -0.070066 -0.330225 0.354081 -0.190692 1.552420 0.206390 -0.355464 0.704956 1.922607 1.373023 -1.072431 -2.017751
3.140000 0.390798 0.007311 1.411803 0.120873 0.992447 0.401727 0.020698 -0.038771 -0.091484 -0.370443 0.338587 -0.191061 1.496554 0.201636 -0.395315 0.689165 1.922549 1.375123 -1.069200 -2.003737
3.160000 0.397413 0.003487 1.441166 0.124857 0.984145 0.415348 0.059136 -0.011257 -0.112829 -0.410364 0.322821 -0.191277 1.439491 0.196721 -0.434849 0.672822 1.920952 1.376124 -1.065113 -1.988120
3.180000 0.403709 -0.000339 1.469375 0.128741 0.975056 0.428636 0.097526 0.016267 -0.134083 -0.449957 0.306798 -0.191340 1.381276 0.191649 -0.474036 0.655941 1.917818 1.376024 -1.060174 -1.970912
3.200000 0.409683 -0.004165 1.496409 0.132522 0.965186 0.441582 0.135838 0.043777 -0.155230 -0.489190 0.290529 -0.191250 1.321956 0.186423 -0.512843 0.638536 1.913151 1.374823 -1.054388 -1.952128
3.220000 0.415329 -0.007988 1.522246 0.136197 0.954545 0.454174 0.174042 0.071252 -0.176253 -0.528032 0.274028 -0.191007 1.261579 0.181048 -0.551240 0.620620 1.906953 1.372522 -1.047758 -1.931782
3.240000 0.420643 -0.011805 1.546866 0.139763 0.943140 0.466403 0.212106 0.098670 -0.197135 -0.566451 0.257307 -0.190611 1.200193 0.175529 -0.589196 0.602207 1.899229 1.369123 -1.040289 -1.909891
3.260000 0.425620 -0.015612 1.570248 0.143217 0.930980 0.478259 0.250001 0.126010 -0.217859 -0.604417 0.240381 -0.190063 1.137846 0.169869 -0.626681 0.583312 1.889987 1.364629 -1.031989 -1.886472
3.280000 0.430256 -0.019406 1.592374 0.146557 0.918076 0.489733 0.287696 0.153248 -0.238409 -0.641900 0.223262 -0.189362 1.074590 0.164073 -0.663665 0.563951 1.879232 1.359044 -1.022863 -1.861544
3.300000 0.434549 -0.023185 1.613226 0.149779 0.904437 0.500814 0.325160 0.180364 -0.258768 -0.678869 0.205965 -0.188510 1.010473 0.158146 -0.700118 0.544139 1.866974 1.352371 -1.012919 -1.835127
3.320000 0.438494 -0.026945 1.632787 0.152882 0.890075 0.511496 0.362365 0.207336 -0.278920 -0.715295 0.188503 -0.187508 0.945549 0.152092 -0.736010 0.523891 1.853223 1.344617 -1.002164 -1.807242
3.340000 0.442088 -0.030684 1.651043 0.155862 0.875001 0.521767 0.399279 0.234142 -0.298849 -0.751149 0.170890 -0.186355 0.879868 0.145917 -0.771314 0.503225 1.837989 1.335787 -0.990608 -1.777911
3.360000 0.445329 -0.034399 1.667977 0.158718 0.859226 0.531622 0.435874 0.260760 -0.318539 -0.786402 0.153141 -0.185053 0.813483 0.139625 -0.806001 0.482156 1.821284 1.325888 -0.978260 -1.747158
3.380000 0.448213 -0.038085 1.683578 0.161447 0.842765 0.541051 0.472121 0.287170 -0.337974 -0.821026 0.135268 -0.183603 0.746448 0.133221 -0.840043 0.460701 1.803123 1.314929 -0.965128 -1.715007
3.400000 0.450739 -0.041742 1.697831 0.164046 0.825629 0.550047 0.507990 0.313350 -0.357139 -0.854993 0.117288 -0.182007 0.678815 0.126711 -0.873413 0.438877 1.783520 1.302917 -0.951225 -1.681485
3.420000 0.452904 -0.045365 1.710726 0.166514 0.807833 0.558604 0.543452 0.339280 -0.376018 -0.888276 0.099214 -0.180265 0.610639 0.120099 -0.906085 0.416703 1.762490 1.289864 -0.936561 -1.646617
3.440000 0.454707 -0.048951 1.722253 0.168849 0.789391 0.566713 0.578480 0.364938 -0.394597 -0.920849 0.081061 -0.178378 0.541975 0.113392 -0.938031 0.394195 1.740049 1.275779 -0.921148 -1.610432
3.460000 0.456146 -0.052499 1.732403 0.171049 0.770317 0.574369 0.613045 0.390304 -0.412859 -0.952685 0.062843 -0.176349 0.472877 0.106593 -0.969227 0.371372 1.716217 1.260673 -0.904998 -1.572959
3.480000 0.457220 -0.056004 1.741166 0.173113 0.750627 0.581566 0.647119 0.415358 -0.430792 -0.983759 0.044574 -0.174179 0.403401 0.099709 -0.999648 0.348251 1.691012 1.244558 -0.888124 -1.534227
3.500000 0.457929 -0.059465 1.748537 0.175037 0.730336 0.588298 0.680676 0.440080 -0.448379 -1.014046 0.026270 -0.171869 0.333603 0.092746 -1.029270 0.324853 1.664455 1.227448 -0.870539 -1.494269
3.520000 0.458271 -0.062878 1.754508 0.176822 0.709461 0.594559 0.713689 0.464450 -0.465609 -1.043522 0.007945 -0.169422 0.263537 0.085708 -1.058067 0.301194 1.636566 1.209357 -0.852258 -1.453114
3.540000 0.458246 -0.066241 1.759077 0.178465 0.688019 0.600344 0.746130 0.488448 -0.482465 -1.072163 -0.010387 -0.166840 0.193261 0.078602 -1.086019 0.277294 1.607367 1.190297 -0.833295 -1.410798
3.560000 0.457855 -0.069551 1.762238 0.179966 0.666026 0.605649 0.777975 0.512055 -0.498936 -1.099946 -0.028710 -0.164124 0.122830 0.071433 -1.113102 0.253173 1.576883 1.170286 -0.813666 -1.367353
3.580000 0.457098 -0.072805 1.763989 0.181322 0.643501 0.610469 0.809197 0.535253 -0.515008 -1.126850 -0.047011 -0.161276 0.052300 0.064207 -1.139294 0.228849 1.545138 1.149338 -0.793386 -1.322814
3.600000 0.455975 -0.076001 1.764329 0.182533 0.620461 0.614802 0.839772 0.558023 -0.530667 -1.152852 -0.065273 -0.158300 -0.018271 0.056929 -1.164575 0.204342 1.512156 1.127471 -0.772471 -1.277217
3.620000 0.454487 -0.079136 1.763258 0.183599 0.596924 0.618642 0.869675 0.580346 -0.545902 -1.177932 -0.083484 -0.155197 -0.088827 0.049606 -1.188924 0.179671 1.477965 1.104703 -0.750938 -1.230598
3.640000 0.452636 -0.082208 1.760777 0.184517 0.572910 0.621987 0.898883 0.602205 -0.560701 -1.202069 -0.101627 -0.151970 -0.159313 0.042243 -1.212322 0.154857 1.442591 1.081050 -0.728804 -1.182995
3.660000 0.450423 -0.085214 1.756887 0.185288 0.548438 0.624835 0.927371 0.623582 -0.575051 -1.225245 -0.119690 -0.148621 -0.229671 0.034847 -1.234751 0.129919 1.406064 1.056533 -0.706088 -1.134445
3.680000 0.447849 -0.088152 1.751591 0.185911 0.523527 0.627184 0.955118 0.644461 -0.588940 -1.247441 -0.137656 -0.145154 -0.299845 0.027422 -1.256192 0.104877 1.368411 1.031170 -0.682807 -1.084988
3.700000 0.444917 -0.091020 1.744895 0.186385 0.498197 0.629030 0.982100 0.664823 -0.602359 -1.268639 -0.155513 -0.141570 -0.369779 0.019976 -1.276627 0.079751 1.329664 1.004983 -0.658979 -1.034663
3.720000 0.441630 -0.093814 1.736802 0.186710 0.472468 0.630373 1.008297 0.684654 -0.615296 -1.288822 -0.173245 -0.137873 -0.439418 0.012513 -1.296042 0.054561 1.289854 0.977991 -0.634624 -0.983511
3.740000 0.437989 -0.096534 1.727320 0.186886 0.446362 0.631212 1.033688 0.703938 -0.627741 -1.307974 -0.190839 -0.134066 -0.508705 0.005041 -1.314420 0.029328 1.249011 0.950218 -0.609762 -0.931571
3.760000 0.433997 -0.099176 1.716457 0.186912 0.419899 0.631546 1.058251 0.722658 -0.639683 -1.326080 -0.208279 -0.130151 -0.577585 -0.002436 -1.331746 0.004071 1.207170 0.921684 -0.584412 -0.878887
3.780000 0.429658 -0.101739 1.704220 0.186788 0.393099 0.631375 1.081968 0.740800 -0.651114 -1.343125 -0.225554 -0.126133 -0.646003 -0.009910 -1.348007 -0.021189 1.164363 0.892413 -0.558594 -0.825499
3.800000 0.424976 -0.104221 1.690620 0.186515 0.365985 0.630699 1.104819 0.758350 -0.662024 -1.359095 -0.242648 -0.122013 -0.713904 -0.017377 -1.363190 -0.046432 1.120624 0.862428 -0.532329 -0.771451
3.820000 0.419954 -0.106619 1.675667 0.186093 0.338579 0.629518 1.126787 0.775293 -0.672404 -1.373979 -0.259547 -0.117796 -0.781235 -0.024829 -1.377282 -0.071638 1.075989 0.831753 -0.505639 -0.716786
3.840000 0.414596 -0.108932 1.659375 0.185522 0.310902 0.627833 1.147853 0.791616 -0.682247 -1.387763 -0.276239 -0.113485 -0.847940 -0.032262 -1.390273 -0.096787 1.030493 0.800413 -0.478544 -0.661548
3.860000 0.408906 -0.111158 1.641754 0.184803 0.282975 0.625647 1.168001 0.807305 -0.691544 -1.400437 -0.292710 -0.109083 -0.913967 -0.039669 -1.402151 -0.121858 0.984173 0.768432 -0.451067 -0.605780
3.880000 0.402889 -0.113295 1.622821 0.183936 0.254823 0.622960 1.187215 0.822349 -0.700287 -1.411991 -0.308947 -0.104593 -0.979263 -0.047044 -1.412908 -0.146832 0.937065 0.735837 -0.423228 -0.549527
3.900000 0.396549 -0.115341 1.602589 0.182921 0.226467 0.619774 1.205479 0.836735 -0.708470 -1.422415 -0.324937 -0.100020 -1.043775 -0.054382 -1.422534 -0.171688 0.889208 0.702653 -0.395051 -0.492836
3.920000 0.389893 -0.117295 1.581075 0.181761 0.197929 0.616093 1.222779 0.850451 -0.716087 -1.431702 -0.340667 -0.095367 -1.107453 -0.061676 -1.431023 -0.196407 0.840640 0.668907 -0.366558 -0.435749
3.940000 0.382925 -0.119155 1.558297 0.180455 0.169233 0.611919 1.239100 0.863487 -0.723131 -1.439843 -0.356125 -0.090638 -1.170244 -0.068921 -1.438366 -0.220969 0.791399 0.634626 -0.337772 -0.378315
3.960000 0.375650 -0.120920 1.534272 0.179004 0.140402 0.607256 1.254430 0.875833 -0.729596 -1.446832 -0.371297 -0.085836 -1.232100 -0.076111 -1.444559 -0.245354 0.741525 0.599837 -0.308715 -0.320577
3.980000 0.368075 -0.122588 1.509020 0.177411 0.111459 0.602106 1.268757 0.887478 -0.735478 -1.452664 -0.386173 -0.080966 -1.292970 -0.083239 -1.449597 -0.269543 0.691058 0.564569 -0.279412 -0.262584
4.000000 0.360205 -0.124158 1.482560 0.175675 0.082426 0.596475 1.282069 0.898412 -0.740771 -1.457334 -0.400739 -0.076030 -1.352805 -0.090301 -1.453475 -0.293517 0.640038 0.528848 -0.249885 -0.204380
4.020000 0.352047 -0.125629 1.454915 0.173799 0.053327 0.590367 1.294355 0.908629 -0.745472 -1.460838 -0.414985 -0.071034 -1.411559 -0.097291 -1.456190 -0.317255 0.588506 0.492705 -0.220158 -0.146012
4.040000 0.343608 -0.126999 1.426105 0.171784 0.024186 0.583787 1.305606 0.918118 -0.749576 -1.463174 -0.428899 -0.065981 -1.469183 -0.104204 -1.457741 -0.340740 0.536503 0.456168 -0.190255 -0.087528
4.060000 0.334894 -0.128268 1.396155 0.169631 -0.004974 0.576739 1.315812 0.926873 -0.753081 -1.464339 -0.442470 -0.060876 -1.525632 -0.111032 -1.458125 -0.363952 0.484072 0.419266 -0.160200 -0.028974
4.080000 0.325911 -0.129434 1.365088 0.167343 -0.034131 0.569231 1.324966 0.934886 -0.755983 -1.464333 -0.455687 -0.055721 -1.580860 -0.117772 -1.457343 -0.386873 0.431252 0.382028 -0.130017 0.029603
4.100000 0.316669 -0.130497 1.332929 0.164921 -0.063260 0.561267 1.333060 0.942152 -0.758281 -1.463155 -0.468540 -0.050522 -1.634824 -0.124418 -1.455395 -0.409484 0.378088 0.344485 -0.099729 0.088157
4.120000 0.307172 -0.131455 1.299704 0.162367 -0.092339 0.552853 1.340088 0.948664 -0.759972 -1.460807 -0.481017 -0.045283 -1.687481 -0.130964 -1.452282 -0.431768 0.324622 0.306666 -0.069362 0.146640
4.140000 0.297430 -0.132308 1.265439 0.159683 -0.121344 0.543998 1.346043 0.954417 -0.761055 -1.457290 -0.493110 -0.040007 -1.738787 -0.137406 -1.448009 -0.453706 0.270896 0.268602 -0.038940 0.205006
4.160000 0.287451 -0.133055 1.230162 0.156872 -0.150252 0.534708 1.350922 0.959407 -0.761529 -1.452608 -0.504808 -0.034700 -1.788702 -0.143737 -1.442576 -0.475282 0.216953 0.230323 -0.008486 0.263208
4.180000 0.277241 -0.133695 1.193900 0.153935 -0.179039 0.524989 1.354720 0.963629 -0.761395 -1.446763 -0.516103 -0.029364 -1.837187 -0.149954 -1.435990 -0.496477 0.162836 0.191859 0.021975 0.321199
4.200000 0.266809 -0.134229 1.156684 0.150874 -0.207684 0.514851 1.357435 0.967080 -0.760651 -1.439762 -0.526985 -0.024006 -1.884201 -0.156050 -1.428255 -0.517276 0.108590 0.153243 0.052417 0.378933
4.220000 0.256164 -0.134656 1.118542 0.147693 -0.236162 0.504301 1.359063 0.969758 -0.759298 -1.431608 -0.537445 -0.018628 -1.929709 -0.162022 -1.419378 -0.537660 0.054256 0.114503 0.082818 0.436365
4.240000 0.245314 -0.134974 1.079506 0.144394 -0.264451 0.493348 1.359605 0.971659 -0.757338 -1.422309 -0.547475 -0.013235 -1.973673 -0.167864 -1.409365 -0.557614 -0.000121 0.075672 0.113153 0.493447
4.260000 0.234268 -0.135185 1.039606 0.140980 -0.292529 0.482000 1.359059 0.972784 -0.754773 -1.411873 -0.557067 -0.007831 -2.016058 -0.173572 -1.398224 -0.577123 -0.054498 0.036781 0.143397 0.550134
4.280000 0.223035 -0.135287 0.998874 0.137452 -0.320373 0.470266 1.357425 0.973130 -0.751603 -1.400307 -0.566214 -0.002421 -2.056830 -0.179141 -1.385965 -0.596169 -0.108831 -0.002140 0.173527 0.606382
4.300000 0.211623 -0.135282 0.957344 0.133815 -0.347960 0.458156 1.354706 0.972698 -0.747832 -1.387621 -0.574908 0.002990 -2.095957 -0.184567 -1.372598 -0.614739 -0.163077 -0.041059 0.203518 0.662144
4.320000 0.200041 -0.135168 0.915047 0.130071 -0.375269 0.445680 1.350903 0.971488 -0.743464 -1.373825 -0.583142 0.008400 -2.133408 -0.189845 -1.358132 -0.632817 -0.217193 -0.079946 0.233346 0.717376
4.340000 0.188300 -0.134946 0.872019 0.126222 -0.402278 0.432847 1.346019 0.969501 -0.738500 -1.358930 -0.590909 0.013802 -2.169151 -0.194971 -1.342580 -0.650388 -0.271135 -0.118768 0.262987 0.772035
4.360000 0.176408 -0.134616 0.828293 0.122273 -0.428965 0.419667 1.340059 0.966738 -0.732945 -1.342947 -0.598204 0.019194 -2.203160 -0.199941 -1.325954 -0.667440 -0.324860 -0.157495 0.292418 0.826076
4.380000 0.164375 -0.134178 0.783904 0.118226 -0.455309 0.406153 1.333027 0.963202 -0.726805 -1.325891 -0.605020 0.024570 -2.235406 -0.204752 -1.308268 -0.683957 -0.378326 -0.196097 0.321615 0.879457
4.400000 0.152211 -0.133633 0.738888 0.114084 -0.481289 0.392313 1.324928 0.958895 -0.720083 -1.307774 -0.611352 0.029927 -2.265864 -0.209398 -1.289534 -0.699928 -0.431488 -0.234541 0.350554 0.932133
4.420000 0.139924 -0.132981 0.693282 0.109851 -0.506884 0.378159 1.315769 0.953822 -0.712784 -1.288611 -0.617195 0.035260 -2.294509 -0.213877 -1.269770 -0.715338 -0.484306 -0.272798 0.379214 0.984065
4.440000 0.127526 -0.132223 0.647120 0.105530 -0.532073 0.363703 1.305558 0.947985 -0.704916 -1.268416 -0.622544 0.040564 -2.321319 -0.218185 -1.248989 -0.730176 -0.536736 -0.310837 0.407569 1.035208
4.460000 0.115026 -0.131359 0.600441 0.101125 -0.556837 0.348956 1.294303 0.941390 -0.696484 -1.247208 -0.627396 0.045836 -2.346272 -0.222318 -1.227210 -0.744430 -0.588736 -0.348627 0.435599 1.085524
4.480000 0.102434 -0.130390 0.553282 0.096638 -0.581155 0.333930 1.282012 0.934042 -0.687494 -1.225001 -0.631745 0.051071 -2.369348 -0.226274 -1.204448 -0.758089 -0.640266 -0.386138 0.463281 1.134972
4.500000 0.089759 -0.129316 0.505680 0.092075 -0.605008 0.318637 1.268696 0.925946 -0.677955 -1.201815 -0.635589 0.056266 -2.390528 -0.230048 -1.180723 -0.771141 -0.691284 -0.423340 0.490592 1.183511
4.520000 0.077013 -0.128139 0.457673 0.087438 -0.628378 0.303088 1.254364 0.917110 -0.667873 -1.177667 -0.638925 0.061415 -2.409797 -0.233639 -1.156054 -0.783577 -0.741748 -0.460204 0.517510 1.231104
4.540000 0.064206 -0.126860 0.409301 0.082731 -0.651244 0.287298 1.239030 0.907541 -0.657257 -1.152577 -0.641750 0.066515 -2.427137 -0.237043 -1.130460 -0.795385 -0.791620 -0.496699 0.544014 1.277712
4.560000 0.051347 -0.125479 0.360601 0.077957 -0.673590 0.271277 1.222704 0.897245 -0.646116 -1.126565 -0.644061 0.071563 -2.442536 -0.240256 -1.103961 -0.806557 -0.840857 -0.532797 0.570084 1.323298
4.580000 0.038447 -0.123998 0.311612 0.073122 -0.695397 0.255040 1.205400 0.886232 -0.634457 -1.099652 -0.645857 0.076552 -2.455982 -0.243278 -1.076580 -0.817084 -0.889423 -0.568469 0.595697 1.367825
4.600000 0.025516 -0.122417 0.262375 0.068227 -0.716647 0.238598 1.187132 0.874509 -0.622291 -1.071860 -0.647136 0.081481 -2.467462 -0.246105 -1.048337 -0.826958 -0.937277 -0.603686 0.620833 1.411259
4.620000 0.012565 -0.120739 0.212927 0.063279 -0.737325 0.221966 1.167914 0.862087 -0.609627 -1.043210 -0.647898 0.086345 -2.476969 -0.248736 -1.019256 -0.836170 -0.984381 -0.638421 0.645473 1.453563
4.640000 -0.000396 -0.118964 0.163309 0.058279 -0.757412 0.205156 1.147762 0.848976 -0.596476 -1.013725 -0.648141 0.091139 -2.484494 -0.251167 -0.989359 -0.844713 -1.030697 -0.672644 0.669597 1.494704
4.660000 -0.013357 -0.117094 0.113561 0.053233 -0.776894 0.188182 1.126691 0.835185 -0.582847 -0.983429 -0.647866 0.095860 -2.490032 -0.253397 -0.958671 -0.852580 -1.076189 -0.706330 0.693185 1.534650
4.680000 -0.026308 -0.115130 0.063721 0.048145 -0.795754 0.171057 1.104720 0.820726 -0.568752 -0.952347 -0.647073 0.100505 -2.493578 -0.255425 -0.927216 -0.859765 -1.120821 -0.739450 0.716219 1.573368
4.700000 -0.039237 -0.113074 0.013831 0.043018 -0.813977 0.153796 1.081864 0.805611 -0.554202 -0.920503 -0.645762 0.105070 -2.495129 -0.257249 -0.895019 -0.866263 -1.164555 -0.771979 0.738679 1.610828
4.720000 -0.052135 -0.110928 -0.036071 0.037856 -0.831550 0.136411 1.058144 0.789851 -0.539209 -0.887923 -0.643934 0.109550 -2.494684 -0.258866 -0.862106 -0.872067 -1.207358 -0.803890 0.760549 1.646998
4.740000 -0.064991 -0.108693 -0.085943 0.032664 -0.848457 0.118918 1.033577 0.773460 -0.523784 -0.854632 -0.641591 0.113943 -2.492244 -0.260277 -0.828504 -0.877174 -1.249195 -0.835159 0.781810 1.681852
4.760000 -0.077795 -0.106371 -0.135747 0.027447 -0.864686 0.101329 1.008183 0.756450 -0.507940 -0.820658 -0.638736 0.118244 -2.487809 -0.261479 -0.794239 -0.881579 -1.290033 -0.865759 0.802446 1.715360
4.780000 -0.090537 -0.103964 -0.185442 0.022207 -0.880222 0.083659 0.981982 0.738834 -0.491690 -0.786027 -0.635369 0.122451 -2.481385 -0.262472 -0.759338 -0.885279 -1.329839 -0.895667 0.822440 1.747496
4.800000 -0.103206 -0.101473 -0.234989 0.016949 -0.895055 0.065923 0.954996 0.720628 -0.475047 -0.750767 -0.631494 0.126560 -2.472976 -0.263255 -0.723830 -0.888271 -1.368581 -0.924858 0.841776 1.778234
4.820000 -0.115793 -0.098902 -0.284348 0.011678 -0.909172 0.048133 0.927246 0.701845 -0.458024 -0.714907 -0.627113 0.130568 -2.462589 -0.263828 -0.687743 -0.890553 -1.406229 -0.953309 0.860439 1.807549
4.840000 -0.128287 -0.096251 -0.333480 0.006397 -0.922561 0.030305 0.898754 0.682500 -0.440634 -0.678475 -0.622231 0.134471 -2.450231 -0.264189 -0.651106 -0.892121 -1.442751 -0.980998 0.878413 1.835419
4.860000 -0.140679 -0.093524 -0.382344 0.001112 -0.935213 0.012453 0.869544 0.662610 -0.422892 -0.641500 -0.616852 0.138267 -2.435914 -0.264340 -0.613948 -0.892977 -1.478119 -1.007902 0.895685 1.861820
4.880000 -0.152958 -0.090722 -0.430903 -0.004175 -0.947116 -0.005409 0.839638 0.642190 -0.404812 -0.604012 -0.610979 0.141952 -2.419648 -0.264278 -0.576299 -0.893118 -1.512305 -1.034000 0.912240 1.886732
4.900000 -0.165115 -0.087847 -0.479117 -0.009458 -0.958261 -0.023267 0.809060 0.621256 -0.386407 -0.566041 -0.604617 0.145524 -2.401446 -0.264006 -0.538189 -0.892544 -1.545282 -1.059270 0.928065 1.910134
4.920000 -0.177140 -0.084901 -0.526948 -0.014734 -0.968640 -0.041106 0.777835 0.599825 -0.367694 -0.527617 -0.597771 0.148979 -2.381323 -0.263522 -0.499649 -0.891256 -1.577022 -1.083693 0.943148 1.932009
4.940000 -0.189023 -0.081888 -0.574358 -0.019997 -0.978245 -0.058912 0.745987 0.577914 -0.348686 -0.488771 -0.590447 0.152315 -2.359296 -0.262827 -0.460708 -0.889256 -1.607500 -1.107250 0.957477 1.952338
4.960000 -0.200754 -0.078810 -0.621308 -0.025245 -0.987066 -0.076672 0.713543 0.555540 -0.329400 -0.449534 -0.582651 0.155529 -2.335381 -0.261922 -0.421399 -0.886544 -1.636693 -1.129920 0.971039 1.971105
4.980000 -0.212326 -0.075668 -0.667760 -0.030473 -0.995098 -0.094369 0.680528 0.532723 -0.309850 -0.409937 -0.574389 0.158619 -2.309598 -0.260808 -0.381753 -0.883123 -1.664576 -1.151687 0.983825 1.988296
5.000000 -0.223727 -0.072466 -0.713679 -0.035676 -1.002334 -0.111992 0.646969 0.509479 -0.290052 -0.370012 -0.565668 0.161582 -2.281967 -0.259485 -0.341802 -0.878996 -1.691128 -1.172533 0.995824 2.003896
5.020000 -0.234949 -0.069205 -0.759027 -0.040851 -1.008769 -0.129525 0.612892 0.485828 -0.270022 -0.329792 -0.556493 0.164415 -2.252511 -0.257954 -0.301577 -0.874165 -1.716326 -1.192440 1.007026 2.017893
5.040000 -0.245984 -0.065890 -0.803768 -0.045993 -1.014396 -0.146954 0.578325 0.461788 -0.249777 -0.289307 -0.546874 0.167118 -2.221253 -0.256217 -0.261111 -0.868635 -1.740152 -1.211394 1.017423 2.030276
5.060000 -0.256821 -0.062522 -0.847865 -0.051098 -1.019212 -0.164265 0.543295 0.437378 -0.229331 -0.248592 -0.536817 0.169686 -2.188218 -0.254275 -0.220437 -0.862410 -1.762586 -1.229378 1.027006 2.041034
5.080000 -0.267454 -0.059103 -0.891285 -0.056163 -1.023212 -0.181446 0.507831 0.412619 -0.208702 -0.207677 -0.526331 0.172119 -2.153433 -0.252130 -0.179585 -0.855495 -1.783610 -1.246379 1.035767 2.050160
5.100000 -0.277872 -0.055638 -0.933991 -0.061182 -1.026394 -0.198481 0.471960 0.387530 -0.187906 -0.166596 -0.515424 0.174414 -2.116925 -0.249783 -0.138591 -0.847896 -1.803207 -1.262383 1.043700 2.057646
5.120000 -0.288068 -0.052128 -0.975950 -0.066153 -1.028755 -0.215357 0.435712 0.362131 -0.166959 -0.125382 -0.504104 0.176569 -2.078724 -0.247236 -0.097485 -0.839619 -1.821362 -1.277377 1.050798 2.063486
5.140000 -0.298033 -0.048576 -1.017129 -0.071070 -1.030293 -0.232061 0.399116 0.336442 -0.145879 -0.084068 -0.492382 0.178583 -2.038859 -0.244491 -0.056301 -0.830670 -1.838060 -1.291350 1.057055 2.067676
5.160000 -0.307760 -0.044985 -1.057494 -0.075931 -1.031007 -0.248579 0.362200 0.310484 -0.124683 -0.042686 -0.480265 0.180455 -1.997364 -0.241551 -0.015072 -0.821057 -1.853287 -1.304289 1.062466 2.070211
5.180000 -0.317241 -0.041359 -1.097013 -0.080731 -1.030896 -0.264899 0.324994 0.284277 -0.103386 -0.001270 -0.467764 0.182182 -1.954271 -0.238417 0.026168 -0.810786 -1.867032 -1.316185 1.067028 2.071090
5.200000 -0.326468 -0.037699 -1.135654 -0.085466 -1.029960 -0.281006 0.287528 0.257843 -0.082007 0.040147 -0.454889 0.183763 -1.909615 -0.235093 0.067388 -0.799868 -1.879283 -1.327028 1.070736 2.070312
5.220000 -0.335434 -0.034009 -1.173387 -0.090133 -1.028201 -0.296889 0.249833 0.231203 -0.060563 0.081531 -0.441650 0.185197 -1.863431 -0.231581 0.108554 -0.788309 -1.890031 -1.336810 1.073588 2.067879
5.240000 -0.344132 -0.030292 -1.210182 -0.094728 -1.025619 -0.312535 0.211937 0.204378 -0.039070 0.122851 -0.428058 0.186483 -1.815756 -0.227884 0.149633 -0.776120 -1.899267 -1.345522 1.075580 2.063791
5.260000 -0.352554 -0.026551 -1.246008 -0.099248 -1.022216 -0.327930 0.173872 0.177389 -0.017545 0.164072 -0.414123 0.187620 -1.766629 -0.224004 0.190593 -0.763310 -1.906984 -1.353158 1.076713 2.058052
5.280000 -0.360695 -0.022788 -1.280837 -0.103687 -1.017996 -0.343063 0.135668 0.150259 0.003993 0.205162 -0.399857 0.188607 -1.716089 -0.219945 0.231400 -0.749889 -1.913175 -1.359711 1.076984 2.050667
5.300000 -0.368547 -0.019008 -1.314642 -0.108044 -1.012961 -0.357921 0.097355 0.123008 0.025528 0.246088 -0.385271 0.189443 -1.664176 -0.215710 0.272022 -0.735868 -1.917836 -1.365177 1.076393 2.041641
5.320000 -0.376104 -0.015212 -1.347395 -0.112315 -1.007117 -0.372494 0.058965 0.095659 0.047043 0.286817 -0.370377 0.190127 -1.610932 -0.211302 0.312426 -0.721259 -1.920962 -1.369551 1.074942 2.030982
5.340000 -0.383360 -0.011404 -1.379071 -0.116495 -1.000466 -0.386768 0.020527 0.068233 0.068520 0.327316 -0.355187 0.190660 -1.556399 -0.206726 0.352580 -0.706073 -1.922552 -1.372829 1.072631 2.018699
5.360000 -0.390309 -0.007586 -1.409643 -0.120583 -0.993015 -0.400733 -0.017927 0.040753 0.089943 0.367554 -0.339713 0.191040 -1.500621 -0.201984 0.392453 -0.690322 -1.922604 -1.375009 1.069461 2.004801
5.380000 -0.396946 -0.003763 -1.439088 -0.124573 -0.984770 -0.414377 -0.056367 0.013240 0.111293 0.407497 -0.323967 0.191267 -1.443642 -0.197081 0.432011 -0.674018 -1.921118 -1.376089 1.065436 1.989299
5.400000 -0.403266 0.000063 -1.467381 -0.128465 -0.975737 -0.427690 -0.094761 -0.014283 0.132554 0.447115 -0.307961 0.191341 -1.385509 -0.192020 0.471224 -0.657176 -1.918096 -1.376068 1.060559 1.972205
5.420000 -0.409263 0.003890 -1.494501 -0.132253 -0.965924 -0.440661 -0.133080 -0.041795 0.153710 0.486375 -0.291710 0.191262 -1.326268 -0.186805 0.510059 -0.639808 -1.913538 -1.374946 1.054833 1.953534
5.440000 -0.414933 0.007713 -1.520425 -0.135936 -0.955337 -0.453279 -0.171293 -0.069274 0.174742 0.525246 -0.275225 0.191029 -1.265965 -0.181441 0.548487 -0.621928 -1.907451 -1.372725 1.048264 1.933300
5.460000 -0.420271 0.011530 -1.545133 -0.139510 -0.943987 -0.465534 -0.209368 -0.096697 0.195635 0.563697 -0.258519 0.190645 -1.204650 -0.175931 0.586476 -0.603550 -1.899837 -1.369405 1.040856 1.911520
5.480000 -0.425272 0.015338 -1.568604 -0.142972 -0.931882 -0.477418 -0.247276 -0.124042 0.216371 0.601697 -0.241607 0.190107 -1.142371 -0.170281 0.623996 -0.584690 -1.890703 -1.364990 1.032615 1.888211
5.500000 -0.429934 0.019133 -1.590821 -0.146320 -0.919031 -0.488919 -0.284986 -0.151289 0.236934 0.639215 -0.224502 0.189418 -1.079178 -0.164495 0.661017 -0.565362 -1.880057 -1.359483 1.023548 1.863391
5.520000 -0.434251 0.022913 -1.611766 -0.149551 -0.905444 -0.500029 -0.322468 -0.178415 0.257307 0.676222 -0.207217 0.188577 -1.015122 -0.158577 0.697509 -0.545582 -1.867907 -1.352888 1.013663 1.837080
5.540000 -0.438221 0.026675 -1.631421 -0.152662 -0.891134 -0.510739 -0.359693 -0.205397 0.277475 0.712689 -0.189767 0.187585 -0.950254 -0.152533 0.733443 -0.525365 -1.854263 -1.345212 1.002966 1.809300
5.560000 -0.441841 0.030416 -1.649771 -0.155652 -0.876111 -0.521041 -0.396629 -0.232216 0.297421 0.748585 -0.172164 0.186443 -0.884626 -0.146366 0.768790 -0.504728 -1.839136 -1.336459 0.991468 1.780073
5.580000 -0.445107 0.034132 -1.666801 -0.158516 -0.860386 -0.530926 -0.433248 -0.258849 0.317128 0.783882 -0.154424 0.185152 -0.818290 -0.140082 0.803522 -0.483687 -1.822537 -1.326637 0.979176 1.749421
5.600000 -0.448017 0.037821 -1.682498 -0.161254 -0.843974 -0.540386 -0.469521 -0.285274 0.336582 0.818552 -0.136560 0.183713 -0.751300 -0.133686 0.837612 -0.462259 -1.804481 -1.315754 0.966101 1.717371
5.620000 -0.450569 0.041479 -1.696849 -0.163863 -0.826886 -0.549414 -0.505418 -0.311472 0.355767 0.852568 -0.118587 0.182127 -0.683708 -0.127184 0.871031 -0.440462 -1.784981 -1.303818 0.952253 1.683946
5.640000 -0.452760 0.045105 -1.709843 -0.166341 -0.809137 -0.558002 -0.540910 -0.337420 0.374667 0.885901 -0.100520 0.180395 -0.615570 -0.120579 0.903754 -0.418312 -1.764053 -1.290839 0.937643 1.649174
5.660000 -0.454589 0.048694 -1.721469 -0.168686 -0.790741 -0.566144 -0.575970 -0.363098 0.393268 0.918526 -0.082372 0.178519 -0.546939 -0.113878 0.935753 -0.395828 -1.741714 -1.276828 0.922284 1.613083
5.680000 -0.456054 0.052245 -1.731717 -0.170895 -0.771712 -0.573833 -0.610570 -0.388486 0.411554 0.950416 -0.064157 0.176500 -0.477871 -0.107086 0.967005 -0.373027 -1.717981 -1.261795 0.906186 1.575702
5.700000 -0.457155 0.055753 -1.740581 -0.172968 -0.752066 -0.581063 -0.644681 -0.413563 0.429511 0.981545 -0.045892 0.174340 -0.408420 -0.100208 0.997482 -0.349927 -1.692874 -1.245753 0.889364 1.537060
5.720000 -0.457890 0.059217 -1.748052 -0.174903 -0.731818 -0.587828 -0.678276 -0.438310 0.447124 1.011890 -0.027590 0.172040 -0.338643 -0.093250 1.027162 -0.326548 -1.666414 -1.228715 0.871830 1.497189
5.740000 -0.458258 0.062634 -1.754125 -0.176698 -0.710985 -0.594123 -0.711328 -0.462705 0.464379 1.041425 -0.009266 0.169603 -0.268595 -0.086218 1.056020 -0.302907 -1.638620 -1.210693 0.853598 1.456120
5.760000 -0.458260 0.066001 -1.758794 -0.178351 -0.689583 -0.599943 -0.743812 -0.486731 0.481263 1.070127 0.009066 0.167030 -0.198331 -0.079116 1.084033 -0.279024 -1.609515 -1.191703 0.834684 1.413886
5.780000 -0.457896 0.069314 -1.762057 -0.179862 -0.667629 -0.605283 -0.775700 -0.510367 0.497762 1.097973 0.027390 0.164324 -0.127910 -0.071952 1.111179 -0.254918 -1.579123 -1.171760 0.815103 1.370521
5.800000 -0.457165 0.072573 -1.763910 -0.181229 -0.645142 -0.610138 -0.806968 -0.533595 0.513863 1.124941 0.045693 0.161486 -0.057386 -0.064729 1.137436 -0.230608 -1.547467 -1.150879 0.794869 1.326060
5.820000 -0.456068 0.075773 -1.764352 -0.182451 -0.622138 -0.614506 -0.837591 -0.556396 0.529553 1.151008 0.063959 0.158519 0.013184 -0.057455 1.162784 -0.206114 -1.514574 -1.129078 0.773999 1.280538
5.840000 -0.454607 0.078913 -1.763383 -0.183527 -0.598637 -0.618382 -0.867543 -0.578752 0.544819 1.176155 0.082173 0.155425 0.083744 -0.050135 1.187201 -0.181454 -1.480469 -1.106373 0.752510 1.233991
5.860000 -0.452782 0.081989 -1.761003 -0.184456 -0.574656 -0.621763 -0.896802 -0.600645 0.559649 1.200361 0.100322 0.152207 0.154236 -0.042775 1.210668 -0.156650 -1.445180 -1.082784 0.730419 1.186458
5.880000 -0.450595 0.085000 -1.757214 -0.185238 -0.550216 -0.624647 -0.925343 -0.622058 0.574032 1.223607 0.118391 0.148867 0.224605 -0.035381 1.233167 -0.131720 -1.408734 -1.058328 0.707744 1.137975
5.900000 -0.448047 0.087943 -1.752020 -0.185871 -0.525336 -0.627031 -0.953143 -0.642973 0.587955 1.245874 0.136365 0.145407 0.294794 -0.027958 1.254680 -0.106685 -1.371162 -1.033026 0.684503 1.088582
5.920000 -0.445141 0.090815 -1.745424 -0.186356 -0.500036 -0.628914 -0.980182 -0.663373 0.601408 1.267145 0.154230 0.141832 0.364748 -0.020513 1.275188 -0.081564 -1.332493 -1.006897 0.660714 1.038319
5.940000 -0.441878 0.093615 -1.737432 -0.186692 -0.474336 -0.630293 -1.006436 -0.683243 0.614380 1.287401 0.171971 0.138143 0.434410 -0.013052 1.294677 -0.056378 -1.292758 -0.979963 0.636397 0.987224
5.960000 -0.438263 0.096340 -1.728050 -0.186878 -0.448256 -0.631168 -1.031885 -0.702567 0.626860 1.306628 0.189575 0.134344 0.503724 -0.005580 1.313130 -0.031147 -1.251989 -0.952245 0.611570 0.935340
5.980000 -0.434296 0.098988 -1.717286 -0.186915 -0.421817 -0.631539 -1.056509 -0.721328 0.638840 1.324810 0.207028 0.130437 0.572635 0.001897 1.330533 -0.005892 -1.210218 -0.923765 0.586255 0.882708
6.000000 -0.429983 0.101557 -1.705147 -0.186802 -0.395042 -0.631404 -1.080287 -0.739512 0.650308 1.341932 0.224315 0.126426 0.641088 0.009372 1.346871 0.019369 -1.167479 -0.894547 0.560470 0.829370
6.020000 -0.425325 0.104045 -1.691645 -0.186540 -0.367950 -0.630764 -1.103202 -0.757105 0.661255 1.357980 0.241422 0.122313 0.709029 0.016839 1.362132 0.044614 -1.123807 -0.864612 0.534237 0.775368
6.040000 -0.420327 0.106449 -1.676790 -0.186129 -0.340564 -0.629620 -1.125234 -0.774092 0.671674 1.372943 0.258336 0.118103 0.776402 0.024293 1.376303 0.069823 -1.079235 -0.833986 0.507577 0.720746
6.060000 -0.414993 0.108768 -1.660593 -0.185568 -0.312905 -0.627972 -1.146365 -0.790460 0.681556 1.386806 0.275044 0.113799 0.843154 0.031727 1.389373 0.094977 -1.033800 -0.802693 0.480510 0.665547
6.080000 -0.409327 0.111000 -1.643068 -0.184860 -0.284996 -0.625821 -1.166580 -0.806196 0.690892 1.399561 0.291531 0.109403 0.909232 0.039136 1.401332 0.120054 -0.987538 -0.770758 0.453059 0.609816
6.100000 -0.403333 0.113144 -1.624229 -0.184003 -0.256859 -0.623170 -1.185862 -0.821286 0.699676 1.411196 0.307785 0.104920 0.974582 0.046514 1.412170 0.145036 -0.940486 -0.738206 0.425246 0.553597
6.120000 -0.397017 0.115197 -1.604090 -0.182999 -0.228517 -0.620021 -1.204195 -0.835720 0.707900 1.421702 0.323793 0.100353 1.039153 0.053854 1.421878 0.169901 -0.892682 -0.705064 0.397093 0.496935
6.140000 -0.390383 0.117157 -1.582668 -0.181849 -0.199992 -0.616375 -1.221564 -0.849485 0.715557 1.431071 0.339542 0.095705 1.102892 0.061152 1.430449 0.194631 -0.844163 -0.671357 0.368622 0.439876
6.160000 -0.383437 0.119024 -1.559981 -0.180554 -0.171306 -0.612236 -1.237957 -0.862571 0.722642 1.439295 0.355020 0.090981 1.165749 0.068400 1.437875 0.219205 -0.794970 -0.637114 0.339856 0.382465
6.180000 -0.376184 0.120796 -1.536045 -0.179114 -0.142484 -0.607608 -1.253359 -0.874966 0.729150 1.446367 0.370213 0.086185 1.227674 0.075594 1.444152 0.243603 -0.745140 -0.602361 0.310818 0.324748
6.200000 -0.368631 0.122471 -1.510880 -0.177530 -0.113548 -0.602494 -1.267758 -0.886662 0.735074 1.452283 0.385111 0.081319 1.288617 0.082728 1.449273 0.267807 -0.694714 -0.567126 0.281532 0.266771
6.220000 -0.360782 0.124049 -1.484507 -0.175805 -0.084521 -0.596897 -1.281144 -0.897648 0.740409 1.457037 0.399700 0.076388 1.348528 0.089795 1.453234 0.291796 -0.643733 -0.531437 0.252020 0.208581
6.240000 -0.352645 0.125526 -1.456946 -0.173939 -0.055426 -0.590823 -1.293504 -0.907917 0.745153 1.460625 0.413969 0.071396 1.407361 0.096790 1.456033 0.315552 -0.592236 -0.495324 0.222307 0.150224
6.260000 -0.344225 0.126904 -1.428220 -0.171934 -0.026287 -0.584277 -1.304830 -0.917459 0.749300 1.463045 0.427908 0.066347 1.465069 0.103708 1.457668 0.339056 -0.540266 -0.458814 0.192416 0.091746
6.280000 -0.335531 0.128180 -1.398351 -0.169791 0.002873 -0.577263 -1.315112 -0.926267 0.752849 1.464294 0.441504 0.061245 1.521604 0.110543 1.458136 0.362288 -0.487864 -0.421937 0.162371 0.033196
6.300000 -0.326568 0.129353 -1.367364 -0.167513 0.032030 -0.569787 -1.324342 -0.934334 0.755794 1.464372 0.454747 0.056094 1.576922 0.117290 1.457438 0.385231 -0.435071 -0.384722 0.132196 -0.025382
6.320000 -0.317343 0.130423 -1.335283 -0.165100 0.061162 -0.561856 -1.332512 -0.941654 0.758136 1.463279 0.467626 0.050899 1.630978 0.123942 1.455574 0.407865 -0.381931 -0.347200 0.101915 -0.083939
6.340000 -0.307865 0.131389 -1.302134 -0.162556 0.090245 -0.553475 -1.339617 -0.948220 0.759871 1.461015 0.480131 0.045662 1.683730 0.130496 1.452546 0.430173 -0.328485 -0.309400 0.071553 -0.142428
6.360000 -0.298141 0.132250 -1.267943 -0.159881 0.119256 -0.544651 -1.345650 -0.954028 0.760997 1.457583 0.492252 0.040389 1.735135 0.136945 1.448355 0.452137 -0.274776 -0.271353 0.041134 -0.200804
6.380000 -0.288178 0.133004 -1.232737 -0.157079 0.148172 -0.535392 -1.350607 -0.959073 0.761516 1.452984 0.503979 0.035083 1.785152 0.143285 1.443006 0.473739 -0.220847 -0.233088 0.010681 -0.259019
6.400000 -0.277984 0.133653 -1.196546 -0.154150 0.176969 -0.525704 -1.354483 -0.963350 0.761425 1.447223 0.515303 0.029750 1.833741 0.149510 1.436503 0.494963 -0.166742 -0.194637 -0.019779 -0.317027
