605997621
621318482
959083868
89296845
571893148
147569010
720773420
590617965
12882876
741151967
491730873
822401432
576290146
572595445
767896144
751492866
180799178
290241134
478074319
113037768
566089230
823820728
654907326
332793585
549437793
169549257
276205057
71859049
774153963
251475388
339356096
512099965
134308915
385262942
893866499
997493341
585595342
345756239
40311100
566282599
185969637
743392926
561646896
790542754
651857939
253026772
79679771
322487524
783863590
291582298
931899699
222647063
637253897
139042597
86354027
673590357
25539202
43328690
899892464
895011090
593514862
948788455
871418176
549367488
191621502
346677545
711479665
654242020
234331290
182843140
814985860
546435309
143652006
909435260
927305604
217864051
694244587
757930161
132082701
499182642
122992744
654732664
983924452
833500363
416630646
625918509
66929210
255565776
706515131
513018088
491528739
814801965
998997878
937435326
860129242
188394164
689410026
215527563
288045324
371314809
