run,time,rmse_c0_imputation,rmse_c0_forecast,rmse_c0_overall,rmse_c1_imputation,rmse_c1_forecast,rmse_c1_overall,rmse_c2_imputation,rmse_c2_forecast,rmse_c2_overall
0,1008.0604424476624,0.6787858371875916,0.6704637411282242,0.674650583987163,0.5431388224179341,0.5486847556183432,0.5459101931519692,1.188058266876588,1.2276464711962267,1.2079528923617333
1,1859.8581199645996,0.5916346187868968,0.6041848690549724,0.5979231241412301,0.5472708231922156,0.5487915646970454,0.5480293526768797,1.3618888343845565,1.387790192404818,1.374860164686975
2,2387.85595703125,0.6596396856993392,0.6448932725740585,0.6523311187106198,0.5325070403456249,0.4999404770318465,0.5165312062082644,1.2699371416421863,1.2602763025234358,1.2651309916191509
3,1424.4024879932404,0.5895382456793439,0.5994850555717033,0.5945169597121766,0.5070164219146976,0.5130370780253626,0.5100262559220569,1.2584317879481761,1.2707527719648966,1.2645880938789464
4,1641.8947577476501,0.6714248804044838,0.648010853186137,0.6598581956360733,0.48523361803014586,0.4947361538586014,0.48999312037987897,1.262459765553935,1.2666348186289993,1.264542511938696
5,1515.0910334587097,0.6361683694922676,0.6513081198257742,0.6437591701583005,0.500600548861505,0.4933585964476557,0.4970040435063673,1.23046981086282,1.2488402689154035,1.2396604544524337
6,1706.5567438602448,0.8147378443373869,0.819156716270067,0.8169433850289054,0.4948996360895191,0.5001937944753174,0.49754551050657986,1.1894488687841502,1.2271370781644146,1.2083812088322434
7,1792.822294473648,0.63364971191218,0.6083487604050368,0.621167475393505,0.472906166507252,0.498441137464218,0.4858016781112246,1.2190466798421218,1.2538554613763913,1.2365193422832523
8,1611.6102018356323,0.5900325195610138,0.6027765430737962,0.596418720069039,0.48997488201295203,0.4960302908708351,0.49300245144634347,1.2369530081294202,1.267560741319022,1.2523027127811208
9,1902.2217228412628,0.6656702056622282,0.6480986803129449,0.6569705616611108,0.5349625168465506,0.4963012921641921,0.5160542957861071,1.2453721934859638,1.251337011192552,1.2483488739273374
10,1451.1233100891113,0.6804727204081796,0.7167205161259768,0.6987752315032006,0.4861903350193277,0.4940859385898574,0.4901417370643986,1.3494133931239143,1.3501015724049354,1.349756454692561
11,2570.547133922577,0.6449491938084171,0.6159048416905109,0.6306394848698909,0.5035922866355764,0.49794973618720567,0.5007877474900286,1.243012420078808,1.2629124191764913,1.2529709300819079
12,1223.7942335605621,0.6156395561026936,0.6543487279054199,0.6352287673452215,0.5002770790816281,0.5235999424042207,0.5120349909014118,1.3090559540751199,1.321659001798847,1.315352941466598
13,2085.2692399024963,0.6413475657114261,0.611465788448835,0.6266313646963698,0.49627205202360847,0.5005678997765591,0.49841791274649516,1.2718528781781484,1.2544943233203631,1.2632304554147222
14,2677.940934419632,0.609661509684919,0.6006080506389365,0.6051658124977785,0.5020421076170678,0.4966592052156994,0.4993662940840801,1.2694979042563832,1.303896885152601,1.2867587664474576
15,1692.626024723053,0.6627026831631261,0.6204670450672375,0.641998066038866,0.4984506803995071,0.4933582586842818,0.49591893818438126,1.2558755400154389,1.2676479967378693,1.2617571610917986
16,1582.6987268924713,0.5934075858311189,0.6484312107401777,0.621442970219084,0.49268636016339734,0.5084172469409126,0.5005890962241324,1.275580869753488,1.3062440120850622,1.2909557212865854
17,3079.769855737686,0.7974859844144727,0.7538793012302003,0.7760569062561685,0.5922017035666475,0.5786753954169125,0.58549868036759,1.4535450030619304,1.4309113314234199,1.4423078202994126
18,1658.3158371448517,0.6040405366430961,0.625326785187158,0.6147426437156428,0.48978442119710247,0.4969615142800788,0.49337483910263585,1.26595385944904,1.2907208365812703,1.2783587505535334
19,1766.0481479167938,0.6185860267594753,0.6244522854097272,0.621516939750504,0.4899700219715418,0.49704027679909424,0.4935067981207602,1.2732537109378435,1.2878205538917555,1.2805351558989568
20,1447.6473908424377,0.61864739326914,0.6517924961454696,0.6353844800506337,0.48266037245944665,0.49552613868352546,0.4891155197308598,1.29432841526486,1.3371670086694416,1.3158553251019458
21,1942.8006236553192,0.6073421103787299,0.6211435388278689,0.6142600898635683,0.5165333363907009,0.49955164735782787,0.5081398869278286,1.30424967993896,1.3044565669492278,1.3043528052920093
22,1915.4539086818695,0.6332589093095217,0.6355586403989154,0.6344062347788041,0.5089983670161653,0.49375286988376565,0.5014573055458965,1.2626965571781814,1.2703584549954752,1.2665213655130196
23,1701.8652966022491,0.6147455260349466,0.6145785146804308,0.6146622861723121,0.4862502471313653,0.4935956841884809,0.4899252904721813,1.2595881867396614,1.2643514599367758,1.2619646512557479
24,2487.1138954162598,0.5879640415686329,0.6301084144473857,0.6093350500049018,0.5779698243678565,0.5714814675942441,0.5747449084090881,1.3809943465314798,1.3961875468757592,1.3885880607374022
25,1231.8878147602081,0.5925454695178114,0.617485820267633,0.605105303782965,0.48019717425610464,0.4965663834108281,0.48842486106111477,1.255036705489911,1.2933248858728812,1.274264970390497
26,1544.5850400924683,0.7430040247276246,0.7358708713846095,0.7394571600745855,0.4952214278602944,0.4946316309200661,0.4949275359325628,1.2171232741372777,1.2419721581525394,1.229571784280233
27,1451.7934415340424,0.6156046850352397,0.630962325331878,0.623306884518065,0.49717105520028837,0.49679166885348275,0.49698198917301717,1.25174979728845,1.2514039817723055,1.2515774401274784
28,2741.2314016819,0.6204521332025067,0.6333446743904922,0.6269114646746118,0.5179663462596589,0.5101139163347991,0.5140673559005187,1.3103135381666886,1.2899471128851352,1.300201926736993
29,1951.0812075138092,0.6696635211381189,0.6188748015873786,0.6448484800772788,0.4983778975603614,0.49575039755418515,0.4970699763353673,1.2777571121423745,1.2832702994712821,1.2805080853691195
30,2442.1552217006683,0.6300923338803351,0.6746550521393506,0.6526847085193265,0.5027397779589657,0.5129923242431028,0.5078759529669606,1.2650630267977203,1.320767812594927,1.2931286370646742
31,2146.16819357872,0.6278260156085277,0.638843244808483,0.6333414257783809,0.500398636355646,0.49786890200286754,0.49913931221019686,1.2755690069147068,1.28001071557124,1.277784872654611
32,1516.7369890213013,0.5804994074841099,0.6088401350017305,0.5947944462724741,0.5434534045533291,0.5189511134608299,0.5313816686783602,1.27587420240277,1.2752228122998794,1.2755495635582557
33,3399.274158000946,0.6717655843768038,0.6406661412098414,0.6564484965210027,0.5266864755519627,0.529128946966366,0.5279053193544156,1.3028113278167406,1.2962765273184809,1.2995582138641655
34,1541.33132314682,0.6047652771293636,0.5993336077518379,0.6020640283499202,0.48650347177622755,0.4980241652368997,0.49227957630940106,1.4360301718147053,1.479630067811488,1.4579251989963489
35,1745.1722474098206,0.5808516029783345,0.6047151401299038,0.5928662787198837,0.4839169335934349,0.49416519122900215,0.489051944355351,1.2948093194110126,1.3078117963038214,1.3013065445930665
36,1320.2906925678253,0.6542836166130557,0.6009589361534531,0.6282703301252093,0.5512675036383191,0.4985741291154251,0.5256635607970604,1.295650757361548,1.309902995228345,1.3027741662869203
37,1577.3674936294556,0.6156037364546193,0.6285883719083413,0.62210970630013,0.49382530098794686,0.49452949339456637,0.49417642574981707,1.2718262518398333,1.288753423382551,1.2802914463258046
38,1756.2541201114655,0.6213788747996646,0.6112426769899947,0.6163474014864682,0.4920881962591311,0.495599047585862,0.493841273235387,1.285924938926579,1.2999361329800811,1.2929276911756677
39,1884.1599190235138,0.6129020703512287,0.6152035554857632,0.6140503062984719,0.5198829438907419,0.5234986977419839,0.5216883213199358,1.2422264039621487,1.2522985885853963,1.2472569746568665
40,2609.4919924736023,0.6126218729025249,0.6259329450551874,0.6192924394315629,0.5482840723513558,0.5179461602803312,0.5333781112090223,1.4967668897133548,1.4760850424136296,1.48649414962478
41,1983.1135883331299,0.6538067543807644,0.6592520967607728,0.656526589272176,0.5040862787315975,0.5046941294234407,0.5043893488354864,1.3016945200254937,1.3114161161509508,1.3065492172521875
42,1942.6758863925934,0.5941927109940827,0.610579089685934,0.6024160943564336,0.5332352323681951,0.4943426053788515,0.5142173308616774,1.2790600731383088,1.2754537803075032,1.2772638167639916
43,1713.0501911640167,0.6211414616534063,0.6249732842707798,0.6230543501125433,0.4861654356266697,0.4933817187431018,0.4897756273785563,1.2816233581132788,1.3037149565710036,1.2926819396157687
44,1920.0095620155334,0.6732796627224288,0.7357604171656438,0.7051151091745406,0.4959574986012902,0.5057676583905909,0.5008713161703086,1.2856261551284989,1.3126512722364503,1.2991668913671168
45,2852.2112185955048,0.7857290152469723,0.6518399464139737,0.7221028358261306,0.6140157442105919,0.5501590496898812,0.5830617051318755,1.462959432011427,1.3918326881551353,1.4279497702103388
46,1872.0697965621948,0.6749814453115273,0.6654144685931905,0.6702299289198594,0.49476561098037475,0.494549110065492,0.4946577095963753,1.2653206660428449,1.276716384716867,1.271013546519589
47,1503.9798929691315,0.6066985584928473,0.646373173919231,0.6267880602791602,0.4789256608078761,0.49563329560622915,0.487325059770492,1.244275244706414,1.292747420913025,1.268667347878834
48,1175.1303474903107,0.5693909115893134,0.6035287403893662,0.58665501471305,0.47230883038440996,0.4975046985455201,0.4850311505064995,1.2045134007696054,1.2831636530475272,1.2443375690610827
49,1823.1357100009918,0.6748288224790085,0.6512318539307299,0.6631720542253173,0.503946094524644,0.5001657131645613,0.50206535039043,1.2391576030258808,1.2620912437778657,1.250641270034149
50,1618.7233192920685,0.6202619658973656,0.5992040041774566,0.6098566812386982,0.4954300937636467,0.5104828923630572,0.5029893589670099,1.2610917673792368,1.2770043146221044,1.2690481959579403
51,2198.078997373581,0.5962842075832084,0.6117946471768311,0.6040650516345079,0.4769088439535728,0.49958482932409387,0.48834315084774144,1.2662177618230164,1.3039296373141882,1.2851532928286606
52,2395.514811038971,0.5817941508040906,0.6111403544468037,0.5966020060496837,0.5198575935320282,0.4934608478793062,0.5068721998732048,1.3133403651498297,1.298905856727014,1.3061655341251444
53,1606.729260444641,0.6133835691474433,0.6245775284450527,0.618988417329753,0.49182054134642417,0.49348712977953213,0.492651944360636,1.2122467356805275,1.2343086280071693,1.2232930533863686
54,1560.3658957481384,0.5885094741505409,0.6338980785373242,0.6115543024703942,0.5237408833827749,0.500285567957379,0.5121840428755544,1.245762537692202,1.2782771837817253,1.2620739270221664
55,1262.6456060409546,0.586197029121754,0.6089872246670933,0.5976652665464669,0.49107881080939675,0.49697832942744236,0.49402818708874613,1.240232939427213,1.274813959669597,1.2575884526014989
56,1567.5472655296326,0.6080642820578325,0.6450159093685464,0.6267549151182821,0.5032797965712811,0.49389737749709467,0.4986252697906548,1.2711652185796092,1.2695575935677461,1.2703641644629238
57,3999.349189519882,0.7297324406509712,0.6165255158869248,0.6756803722406334,0.6674828444127219,0.5204234136288324,0.5987144943230829,1.3435427034056704,1.3152374315351325,1.3295094855263936
58,2146.450301170349,0.6838759025609525,0.6278267051161396,0.6565369965393372,0.49518712013500216,0.4933644561804688,0.49427946732877076,1.2304139383001464,1.2355722349826472,1.2329877494032424
59,1300.9445796012878,0.6069124410678123,0.6211642228793156,0.6140574804809934,0.4856554141223039,0.4935377880420588,0.4896001862412189,1.2250004959199352,1.2512865901522785,1.2381723561656208
60,2024.745986700058,0.6422706207761053,0.612329757416365,0.6275254191549232,0.6013270076925565,0.5682598931260281,0.585078609572507,1.3150574298518698,1.2514098295370137,1.2837272845434322
61,1916.1135957241058,0.6630551973116672,0.6109414927908643,0.6376121599751607,0.5408625689817924,0.508074023967001,0.5247755119972443,1.2318319560883964,1.2841880164712731,1.2582007906737136
62,1800.5814921855927,0.6045736900094965,0.6181592270939702,0.6113830335901035,0.4972978036946206,0.4935319221399842,0.4954243069661838,1.2473141576977975,1.281094632007347,1.2642646057575908
63,1321.707308769226,0.6298394237617942,0.6548384119120746,0.6424215892615659,0.48229032446774267,0.4936178001286478,0.48796928783943483,1.2351644144281164,1.2791790908130136,1.2572958118257669
64,1928.467472076416,0.5771233621471324,0.6003776177043837,0.5888290741293801,0.4848065077789579,0.4933647588678299,0.48909102222378886,1.2548793417803699,1.2802761352003427,1.2676017846760115
65,2265.464492082596,0.6070671625838422,0.629588670843765,0.6183953711008716,0.5209769167946343,0.5072871670263192,0.5141989256318421,1.3394539531252798,1.3365727890189723,1.3380186343630263
66,1518.8949868679047,0.5920719727028878,0.625297740321205,0.608859786217654,0.5054119356838276,0.5056498242769938,0.5055305234302638,1.2986284962078232,1.3025289586375866,1.300574114123782
67,1785.4916455745697,0.6291657180572034,0.6537879621114131,0.6415566192713541,0.5043376455238506,0.5014661181438096,0.5029084040980465,1.2802272681864315,1.2876566390095856,1.283935754995918
68,2768.101142644882,0.6479338732540678,0.6098763359535432,0.6292521650228599,0.49734564386957814,0.4968650062969363,0.49710613182867674,1.2454961014710337,1.2612543500839457,1.2533754455878485
69,2267.4629974365234,0.5679221174020833,0.6210846395121534,0.5950145977711881,0.5263262007374454,0.4989936435765762,0.5128846020323048,1.2284766338007476,1.2939676918491696,1.2615452019723128
70,1864.5104694366455,0.6391213914636937,0.6466575766741592,0.6428887882015557,0.4922295095669275,0.49894796664740176,0.49558965807947264,1.2471937226939251,1.2628768072283711,1.2550353337145632
71,1570.363009929657,0.6084309179258006,0.6485588528252121,0.6287525873712172,0.5177513128100787,0.5064852108285772,0.5121667883717972,1.2315279566838622,1.2815218506954977,1.2566956610346505
72,2078.2812118530273,0.6250711256788909,0.6263207152136435,0.6256942859904441,0.5070794139440912,0.4944823895280234,0.5008401291609437,1.2608817797178096,1.2655207173517777,1.2631961522497104
73,3224.0032057762146,0.7369488698036994,0.6435888668526915,0.6919905286194201,0.6221522765635499,0.5246477012595269,0.5756201043708631,1.375772375347697,1.3515540946927793,1.3637547188731682
74,1563.3872299194336,0.5888156687333579,0.6210720095106403,0.6051085665847263,0.4795275486572976,0.4937761847276778,0.4866818196996592,1.2015760139990954,1.2890806801925694,1.2459604656519516
75,3410.818625688553,0.7228841725667382,0.6810635560534876,0.7023503413052027,0.7995440288418998,0.5159113457528742,0.6732746449810779,1.4593295411313751,1.2838742331226425,1.3746772645143388
76,1365.0709681510925,0.5803190098798902,0.6045160489502682,0.5925033728096624,0.5044867418913643,0.5030447289957417,0.5037684975263141,1.2007797743304398,1.2468576639569282,1.2239637974456876
77,1489.7035257816315,0.6083415592999042,0.6108858434273717,0.6096110656517809,0.48862152325593994,0.4977139254009306,0.49317451593646444,1.2572967161485387,1.2876600800856914,1.2725216672079624
78,2705.2567768096924,0.6743193749469877,0.6361097772526001,0.6555525350716319,0.4995718064619196,0.5010868557224164,0.5003275446650101,1.2589280507936695,1.2612140982799225,1.2600680321359314
79,2050.8144369125366,0.5923514876669642,0.6147796228465758,0.6036347935071954,0.5906361898872804,0.5974580151106883,0.594046269028633,1.5980966101094367,1.592549977075133,1.595334343741703
80,1666.689151763916,0.6189566265779111,0.6115634350415537,0.6152826511832358,0.4884453182287298,0.49335896825285647,0.49090063743173495,1.2419180430093653,1.2528582301523261,1.2473830896111633
81,2032.2619805335999,0.6688615693542271,0.679641229712667,0.6742561513780927,0.5064012328378237,0.4935482639632361,0.5000360666292492,1.2617020014351716,1.2711790373903837,1.2664346224879601
82,2133.3936746120453,1.2169733562426561,1.2025164630940939,1.2097890230328499,0.7971113609393332,0.7906431918561191,0.7938939387335117,1.4662796744476398,1.4635385062792852,1.464914001253897
83,1708.4578521251678,0.6109443226686364,0.6240002748254289,0.6174864694034413,0.5168238774612202,0.5073348912422512,0.5121161426086848,1.2653788874821648,1.2625650496496519,1.263977134496438
84,1530.3232634067535,0.5989186820627,0.6151562390985353,0.607066459750449,0.48058293204218483,0.4934108321707388,0.48701913763071586,1.2228566048753917,1.2569339655474898,1.2399592766018892
85,2278.472810983658,0.6263966033960882,0.6222636361605363,0.6243399772933256,0.6820928431948813,0.5359595077963534,0.613619487876124,1.360481195557363,1.5182657878021744,1.4412884971998845
86,1736.418846130371,0.6514503852237614,0.7006893267525018,0.6764413238252809,0.5183101714906168,0.49386126496145155,0.5062714068328596,1.3069191849955666,1.305017224815908,1.3059715136987429
87,1568.4811460971832,0.7012844468864251,0.6531511058945851,0.6777201994988765,0.5010268251849479,0.49561023686784367,0.4983343274366321,1.2810982307995944,1.2909255183953037,1.2860059544021918
88,1521.3994278907776,0.5792832890058841,0.6060724217046873,0.5927874767253031,0.48145305260283533,0.49462204987830144,0.488061456524496,1.236895911430277,1.2576116062811775,1.2472644998626805
89,3823.4874079227448,0.6314979206036668,0.6153102023668887,0.6234818137629383,0.6277515452785044,0.5444301682275698,0.5876991031633358,1.319758209748464,1.270265711679918,1.2953254506397573
90,1681.9418799877167,0.6126721935023831,0.6469293367625393,0.6299803007588642,0.5127494310378292,0.5073213004194614,0.5100510417352859,1.2883809588911777,1.325847292561407,1.3071900038074293
91,1479.6138789653778,0.6004764161713468,0.6106266413853954,0.6055569856316824,0.4911024124506909,0.4933622123071117,0.4922300892568499,1.2126119717441668,1.2300178833864208,1.221318823700075
92,1303.082038640976,0.8558437972344616,0.622050100243385,0.7484955998090694,0.5493039873389833,0.5407616792245354,0.5450628736958477,1.4562347637797977,1.4595338187892586,1.4578800857448877
93,1588.4791502952576,0.7481634757529738,0.6436320745723542,0.6980200793457123,0.4893057929634884,0.497939060251231,0.493627853188214,1.2357807652873096,1.2543559652074663,1.2450740723736329
94,3117.3761324882507,0.6074483052349189,0.6092506528336191,0.6083473391089134,0.49725664075412795,0.5076127571852755,0.5024452501962903,1.3282863539698464,1.3230748534317907,1.325691282183863
95,2216.069619178772,0.6045763908730559,0.5999469155569868,0.6022733123642974,0.5317766117001599,0.533897492509329,0.5328348037797473,1.260920361128652,1.265326664205127,1.2631185706352832
96,1661.5548706054688,0.5775779628033046,0.6230107626996234,0.6006533059875704,0.4878029120235615,0.5097313514881863,0.4988534790971744,1.2409275613843038,1.3019323080469813,1.2717007680948718
97,1470.1157341003418,0.5908988095673231,0.6122236539763691,0.6016225058782965,0.5195172786617943,0.5029467632654339,0.5113249606068222,1.2587479658523664,1.2841082193326827,1.2714518207401602
98,2176.111742734909,0.5798990635072444,0.6000981001557463,0.5900535577111502,0.4977884708306815,0.4937069438277535,0.4957582651741474,1.295476043646719,1.278359595664165,1.286972936437007
99,1060.1793298721313,0.704603019020328,0.7196064798841628,0.7121208932137044,0.7362841268192928,0.7884536533684386,0.7627337922404399,1.3384943507833003,1.420933492852422,1.3802011524773683
