718604340
595227998
127022821
564291135
214725421
28908440
721798001
465824941
687297890
238582526
879406475
453622243
278382520
954752377
731953404
174625885
950671432
725510667
4095998
877000609
692312812
245186295
245812325
524963314
377635244
663858851
187335684
759120300
204673106
170789541
83806779
692101488
664013258
864980416
677029556
791190799
872376109
133601926
805370709
806987776
420012183
382901881
958795209
14841626
298250930
693867934
477079826
467164147
750867535
13217305
856209750
540966547
341724770
419951797
206282971
668305952
215032032
817404382
42083744
50094403
859438163
21556414
891116680
473069720
484491453
566212400
56839066
102805177
137999954
891962424
978491674
532425133
296264756
317322946
147770404
455917044
270939575
927696670
122160630
318050157
767902736
447605694
558154882
712262320
426906561
884932271
847664561
2892826
826915642
871667343
374211500
169084596
369905639
23234498
132444753
674311285
353584476
377681020
639257852
175410385
