814509814
55434457
258341255
486611419
412121762
489857309
138931078
465195758
628976157
92996545
133471183
954154995
151961454
325433332
971920971
162073124
330182955
195286347
264170959
524879033
755376343
496835446
43793741
185448977
214319547
477315605
83311160
256276038
606722912
899284004
234924882
304757668
763629038
984350931
605601786
682633532
394319822
502034790
418719511
497604533
318530459
764720400
91482720
491495422
778915375
716189819
81958274
336188422
604410392
414125329
671186137
157406376
436903365
879454725
966728530
758375741
969987712
337001543
702919530
703494887
58099617
368644950
972841274
350309715
500857807
614635746
897705635
622127642
880048396
150289577
598661041
695314263
254890396
41479415
826416993
244437880
842270372
161166122
876665529
373941622
605156273
394512583
821742233
598687754
347841600
884798220
314681824
553124455
523237053
431321575
960387560
613698097
333516638
496674055
638589202
364688677
299803955
827584555
178407645
343247703
