91536866
749625394
784446313
150594228
787571427
97894591
1465022
743360060
843138535
147370736
329651591
843352013
366371902
274580027
797138380
314662281
204598840
427250898
359347322
197933787
77989482
450855139
278035273
640563537
465819848
888251251
222751970
232667401
419177704
845741821
742852031
35462065
435172482
668569564
207232107
842669884
53527106
379104816
392597536
731244854
882905948
143014744
994541954
746874522
283603513
677939229
932471416
90111678
318240400
481394870
620310142
387790356
38816186
187869199
221796939
667486572
16983774
140273653
815930345
235786003
249766135
513871649
731765535
330624084
403834706
165609149
422901008
839449178
322507212
164774386
264658432
22337971
925528577
758094349
569294554
108552337
980363187
465979641
30442400
284310533
314096286
542313284
205274645
75599660
229756914
705463527
73202155
346564844
670690189
367906723
434144954
834765553
112656673
353434509
898864696
989268414
242187439
763994608
473681037
507536925
