958413401
926334419
120099754
261522132
833098122
327263802
289475335
728373762
697669520
440531679
994259038
578952104
8480186
864823553
135341934
330653173
104495904
874806343
153854792
644477952
668190050
555295502
95544853
614914093
767435453
658623440
841308467
219306944
552254015
848513360
716516179
980839497
246599541
148807156
204023405
913504709
296086469
419802418
590110978
500769235
818663415
915448427
526857017
354371019
764022113
823797832
667215779
139353376
724074018
313685502
103721269
588834314
450988487
505788968
831926757
625112209
592203569
6520728
711367268
322825927
22073774
247686400
516412448
689173649
446537704
265519088
72345000
697826880
382713938
174127331
541228011
960950378
188192887
138446105
706996246
627519030
967573313
91292361
384557969
958712493
837138556
729299324
787818870
418382644
710379929
550377017
261684255
643657778
522363710
279556876
31427196
35571766
192167582
854878419
473685329
28767099
950240147
756832270
949900790
47483174
