233290780
912123727
274284862
912820428
345939118
858644067
510719617
751679140
54878857
837343170
839278490
981259743
727536388
186796318
687143460
215491945
530544797
491961705
727145907
168590173
130518664
426206651
453920828
37919750
494043476
856164982
480505024
71125567
799713064
10837278
715071898
677391768
570488807
571230351
790560369
162030532
302439992
657596564
610020589
254083751
599219712
11464241
845515228
579569615
426494638
67305075
421418690
110649925
692475578
474892990
281068690
53327207
314131166
347865498
866380862
407238058
91875628
188258126
168853282
876063317
90931589
553021636
56295090
479246427
265008824
673769657
338551441
112403324
88053385
642250506
226322205
501021192
833111932
70743525
871545128
736321131
87559235
234705942
758280443
610594231
39255811
204018268
297755754
344178426
694843800
650309394
917459336
495676051
72115055
407894594
210428733
847709755
462162572
102861925
549442405
393588448
614330689
129352319
442108867
238961688
