297173578
647360270
650811411
194887056
980613255
954870795
440459484
524291463
869658565
980785560
787099330
845250083
26096303
984770839
856503863
786164654
485228561
995498685
108829438
984998176
90524296
759907033
221104869
12511498
452355391
515837849
447673720
741335725
883945172
429463948
11721919
608321932
366836192
533427131
205688668
772509830
313995727
874623276
712796647
319234072
564326232
969815976
282022313
859660382
146958
118445759
643717523
739729929
809853514
390751781
492289417
757891412
720494923
791023471
126686172
737101785
859443437
540993384
495542698
18988098
210353429
828694636
251933639
335195408
992021306
192743164
437168484
79743525
930685477
704430201
853448030
693555830
980870689
153949026
464762516
788677899
574724072
725341426
917644736
281573543
112256759
849871921
863605598
733702836
54034378
803373515
59403827
808040395
733640103
50236726
223062307
490105343
733097877
773254110
70563435
289493598
357411644
532516627
767652248
166479893
