run,time,rmse_c0_imputation,rmse_c0_forecast,rmse_c0_overall,rmse_c1_imputation,rmse_c1_forecast,rmse_c1_overall,rmse_c2_imputation,rmse_c2_forecast,rmse_c2_overall
0,82.87190961837769,2.5311848052041355,2.6453531750155337,2.5887206132388414,5.266842791860659,5.931630912961788,5.608060553487706,6.082896738716506,6.319586588222511,6.202002192419364
1,82.60469841957092,1.9963912960510317,2.4617830062735777,2.2404787695645196,3.6378311232177603,3.829635563136006,3.734666106541418,7.026836473421623,7.6007318014572025,7.318517713649784
2,83.00164151191711,1.2673050171032847,1.2710975241061861,1.2691967798162795,1.528514846572,1.535110532756449,1.531805965961996,1.3595885021754637,1.3756414237358792,1.3676135118437127
3,83.42168927192688,5.249760771874607,5.731019091932151,5.494911513919263,3.526037169763786,3.8514915118035873,3.6918454115404744,1.246067237624285,1.2880098535703546,1.2671467624341164
4,83.52057456970215,1.6311881339212744,1.5351600305986746,1.5840514938363424,5.445253040561457,6.585928726621047,6.040798166696693,3.1357290607470136,1.894384706071787,2.5923871424134535
5,82.70306062698364,0.6054558975067202,0.5999473278282469,0.6027164862108233,0.4780529951855197,0.5114826427213617,0.49499803413177645,1.1847573868282737,1.2371427069951977,1.2111517046190643
6,83.73388051986694,0.588483037321689,0.608918992316593,0.598756375215092,0.43167513834342897,0.510296357820587,0.4725013675302627,1.1221151707685098,1.23761961187446,1.1811002633281922
7,83.28928470611572,2.839707505136896,2.1449140232939623,2.5174773012142206,4.057986079534874,5.385656348401476,4.76620845116492,2.435249658794847,2.6022494494908885,2.5198732454562958
8,83.4177896976471,0.6871227968884369,0.6934474765164361,0.690282528839891,2.8149833013193235,2.831056610109277,2.8230063588644554,2.6136179209913726,2.618585881233213,2.6160953421137054
9,84.42076849937439,5.072658316018113,5.408842373700807,5.24292193887132,4.56467444849984,5.222568319898443,4.903642196850063,1.1908490706039654,1.2415862970087352,1.216403216741587
10,83.86415600776672,0.6042194846042527,0.6165993762912029,0.6104215320316267,0.5173722978179833,0.5049443860162702,0.5112154671823573,1.239253519116474,1.263494664635885,1.2513950316949252
11,83.83763885498047,5.315558233408065,5.921272154522265,5.6256297345082436,0.5052889834381346,0.699759177224634,0.6100204149074299,5.311970528995918,5.625398222929934,5.47044133084258
12,84.22792673110962,4.660761108568264,4.890382321020226,4.776594033883138,4.200446232891494,4.981402088380643,4.6062879277704285,1.700407612910697,1.7164362406642715,1.7084157578897248
13,83.966064453125,0.7030343772342902,0.9098379523260429,0.8127186922480703,3.511026792476387,4.229518451308015,3.8857952769485644,6.114563008389269,6.1461707784748425,6.130338031026356
14,83.96404457092285,4.552386230768751,5.264051793892712,4.919994836273211,0.7034158329283626,0.8485656839816804,0.7791520322439491,6.190688676009686,6.538497557788674,6.366426953550374
15,84.09173083305359,1.7421149108980905,2.1038572522532286,1.9309124249230964,3.958767352209023,4.422614476862913,4.19638216846698,5.973540592800006,6.5142571840138075,6.248907844000574
16,84.10823893547058,3.1712090565895745,3.5202479129160626,3.3497340419457777,3.162567175690506,3.5381446513894783,3.3550304563462534,5.571273297644364,6.5806733519294305,6.095331637276531
17,84.55152130126953,0.5936088883976852,0.6014917379998377,0.5975510333791072,0.476399416431264,0.49829854356804254,0.48743786632931924,1.1440520848725657,1.2368926859522822,1.1912325686741363
18,83.79696369171143,2.6765416808831675,2.8380820324667355,2.758243082826915,5.742446471839214,6.211269337778159,5.980723191149907,1.231051775762496,1.296174268836787,1.2639310704752986
19,83.84088802337646,2.088019388196816,2.3328765998077854,2.213454986873756,4.008844422101638,4.368711029735775,4.192080495050942,5.635560715193354,5.9651897205661175,5.802203046230982
20,84.42931771278381,0.5711741173272229,0.5995376916963776,0.5854835061388588,0.49178849251951995,0.49636425336659634,0.49407454273988066,1.1906345983396867,1.2354393975837883,1.2131740648676617
21,84.22798585891724,3.5355754724820923,4.3744679929280235,3.9759019262291355,2.950543599064744,2.731906094420014,2.8436674236951376,1.0873703282046017,1.5659150979918426,1.3473137763057117
22,84.34665536880493,2.256778907815615,2.255772582828924,2.256277368910156,0.5644068645456259,0.5657060986146847,0.5650548312646917,3.968547034498939,3.9856508427887425,3.977081491683791
23,84.00065517425537,0.5417029026282796,0.5997186823107967,0.5713572605430994,0.4147511105992707,0.509817197402824,0.4645741286533597,1.1130865482806762,1.2405929918662264,1.1783670301459375
24,84.64851665496826,6.3413153432259435,6.9823680009542946,6.668550634787243,0.7442112102718604,0.848762410853518,0.7980379429003029,1.1847536032895372,1.228546939230545,1.2067807259451178
25,84.0377550125122,0.5794225478653775,0.6014223292168126,0.5904906339990587,0.46035882376723464,0.5106876011294177,0.4860966080199466,1.1317936522906942,1.2304233567629814,1.1819840732842104
26,83.85385370254517,5.415459576522332,6.397866833315213,5.925527328587587,3.2596756008149255,3.90657428713499,3.5966905497728514,2.500191295334957,1.518898713861826,2.0700599168955978
27,85.41658639907837,0.5539374678733977,0.6033840152082448,0.5791116970743749,0.4231456135100593,0.5083967750550631,0.46758533560473975,1.1056282008151272,1.2359631460991332,1.1724051913935636
28,83.96669173240662,3.7555961682984176,3.6884252120367247,3.7222668379072537,3.913268438737855,4.354312996232429,4.138982491451684,4.154455245357713,5.118707799847781,4.6600864934314306
29,83.8477201461792,0.5518528416624462,0.6020947491659512,0.5774422194414717,0.4381699406768548,0.4996239661501551,0.4698071242449548,1.1076123894564214,1.2325678425481836,1.1715625743816795
30,84.06536912918091,0.5773474716411288,0.5991854107215298,0.5883337567941772,0.52607013871295,0.5007198114874568,0.5135908922117695,1.1901904724465273,1.2365271373040845,1.2135078126910996
31,84.18873405456543,1.116817543440856,1.1207583565526118,1.1187835467874523,0.6771513479633515,0.6972955126798911,0.6872658610225397,1.4543689002890754,1.4667536683729538,1.4605551204171083
32,84.19080018997192,1.1769608476834876,1.1906032893897325,1.1837804713374034,1.3964687563097575,1.4033593006964642,1.3999075350633838,3.4480983832032526,3.459047676661086,3.4535603141734175
33,84.16521120071411,0.5563517750337913,0.611210077680812,0.5843395941119924,0.4494036364900255,0.49827450313706906,0.4743926796727701,1.1302409406296818,1.2455313509502817,1.1891046310831581
34,84.98248624801636,0.5520542139258798,0.607526237118348,0.5803669514863414,0.4493504841666633,0.4946402748212846,0.47246781463505955,1.1425582680396655,1.2329678083865514,1.1884822140603086
35,84.47476768493652,0.5814854871457527,0.6003899759624088,0.5909838793952528,0.4939804484599487,0.4937682240031774,0.49387467819859787,1.1834393630987339,1.2275890049265858,1.205647519706819
36,84.03988337516785,0.5472673555423667,0.6011786578242667,0.5747714580053218,0.42099675742218967,0.5079504759101124,0.46636912361704536,1.1117020016575185,1.2371992277347694,1.1759304720105974
37,84.13043999671936,2.3497741631337563,2.5318633119118052,2.442232719275786,2.461691059861286,2.7075864644933887,2.5871787258397956,5.77331450982768,6.410998196847451,6.099502173120458
38,85.97143197059631,5.940234564223611,6.437501327108369,6.193086284135287,1.3725343223781088,1.3395627887307884,1.356200115077133,2.3312137091668435,2.1218406330536506,2.2293126234379814
39,84.33319616317749,5.137729662257492,5.638022545631038,5.392901344120264,1.8222863805100613,1.9161431222066843,1.86965759474712,5.113024201971879,5.499938269155297,5.309404167545152
40,84.38172316551208,0.5666332467748414,0.6020218178191326,0.5845402755039653,0.4934519707984041,0.503878270688128,0.4986761299616506,1.154026874536968,1.240344526654431,1.1978290194921952
41,84.41529607772827,0.5669240078701406,0.6026091480149958,0.5849831623799523,0.48445804526521485,0.5006010044190504,0.492570515271406,1.2004325860483478,1.2352338608137716,1.2179033256618315
42,85.893723487854,0.5850893810768714,0.6004117752269166,0.5927762207527381,0.48488235742770663,0.5014721394670486,0.49322116279781913,1.1965201040497888,1.2283014774654282,1.2124654229448795
43,84.90151572227478,3.219142141251655,3.3502860132712597,3.285164270649643,3.3971051118854287,3.663579704069618,3.532440943598799,4.849704990599859,5.306136232417779,5.082336056369074
44,84.90129351615906,2.653497817521545,2.8068516309339775,2.7310124615865816,0.8376222877461164,0.7415210239147969,0.7911818031140584,2.654718016639032,2.516526759900124,2.586760610708739
45,84.92114043235779,0.622812368978488,0.6001294983105714,0.6116114283668461,0.4859578206426255,0.5117852811183328,0.4989984467026434,1.1591037876584303,1.2317940625262467,1.1958881188316266
46,84.3953628540039,0.5601146687562252,0.6025733670647107,0.5816654175737821,0.46846858621915605,0.4987225100306615,0.48378497367501033,1.1444621500218253,1.235830481731223,1.1908805721255482
47,84.44109773635864,0.9738958253994691,0.9532036750923014,0.9636375222865979,2.745619863769658,2.67938873268476,2.7128095902298717,3.4280496129744416,3.358841137120197,3.3937296007187276
48,84.70741510391235,0.5597064498725055,0.5995506745481541,0.5799087981008278,0.452842719813771,0.5163887132931504,0.48555739132144465,1.1212315970272335,1.2387237974946816,1.1812563547749406
49,84.94805884361267,1.020039689574014,1.1488087624790233,1.0861336262217438,4.4976337450225214,4.789769502952661,4.645543504993686,4.833979050325954,6.419616312388401,5.6799312450927175
50,84.65166139602661,0.8082040849404206,0.7720906817454506,0.7904099099075907,3.863306951323021,4.333839955525671,4.104588511422417,6.382897546435415,6.7952757951021345,6.59166991928313
51,83.94637084007263,0.5505158430770195,0.6002147335009006,0.5758243038003461,0.46701455526790864,0.5009229542984329,0.4842128427721346,1.1262887890519278,1.2366492507867317,1.1825851814660537
52,86.1986312866211,0.8720979361224119,1.0487528241400454,0.964204387245509,0.8519469972222797,0.9623920228562253,0.908677016400901,8.820511172590741,9.468741754157916,9.149359383424034
53,84.72381854057312,0.5832432634654967,0.6033191695746989,0.593334861206986,0.475128418063173,0.4979346808052078,0.48662964678134685,1.163739527454023,1.2339539437428277,1.1992513414545354
54,84.91144180297852,0.5538259764469413,0.6054273801542682,0.5801203204896416,0.4256242282539851,0.4949150001272277,0.461464047492415,1.1064326085956064,1.2344591773817142,1.171995935256928
55,85.08740520477295,0.5550153329634036,0.6072362339918269,0.5816308048769302,0.43118223369287423,0.4991528662831369,0.4663017839083126,1.1038853245273934,1.2353071916181881,1.171236306088966
56,84.8910460472107,3.8577814526370324,4.000618701230098,3.929626631795697,0.779910649405714,0.6866273567439944,0.7348958862297456,8.17960202658674,9.281216354771153,8.746054651835628
57,85.4314398765564,0.591095360559624,0.6055788525312461,0.598358370072721,0.47277114203101794,0.5216527153391306,0.4977362143962902,1.200211720627648,1.2415610730690485,1.2209970388021318
58,84.70713782310486,0.5533143189050017,0.6003453489672825,0.5772357603742899,0.44432178444229725,0.4966482719109956,0.47113053699580737,1.1121350835599682,1.2331202842943505,1.1739987544026145
59,84.89532566070557,2.4561326829818264,2.7439923098912447,2.6035954269491617,5.36001168557589,5.863458275433121,5.616594416101764,1.1974642718843718,1.2302776387477758,1.213930719072488
60,85.13147807121277,6.415956947545571,6.889136411622139,6.656015748464961,2.359500035541641,2.570947137390106,2.4671604982055517,3.3604143864358154,3.5722959574920248,3.467643811132902
61,85.0896954536438,0.5514012176544457,0.6017684902465771,0.5770561835011873,0.4897165284430324,0.4952640773863026,0.4924894730154626,1.1092186041152632,1.2353041157098312,1.1737591885686347
62,85.00359153747559,0.5511648557321215,0.6004271870987816,0.5762459439729798,0.42177573228776205,0.5043139730860609,0.46475220696739966,1.1105394742393793,1.2405552500912094,1.1771412362337839
63,85.09103536605835,0.5755075748328595,0.6092009561185111,0.5925413159058713,0.48794180500933637,0.49390363209550897,0.4909224823643552,1.2204207412334804,1.2337545541148394,1.2270849895219669
64,85.10371279716492,1.1409895655589022,1.1560086565983034,1.1485002677117957,5.200833743538165,6.191724251696734,5.7162467277737985,1.5024166227321911,1.3848470010427465,1.4450111444532645
65,84.6864104270935,1.885561241417638,2.345314350353733,2.1271789903795386,4.491899979830624,5.690300247184193,5.124386245001061,2.696972369273093,1.245454514439972,2.102693988714444
66,84.80431079864502,0.548329355269436,0.6047688099899146,0.5771514763179708,0.42472030825852797,0.5029294311771889,0.4653489757350737,1.1139498890155715,1.2352765856111518,1.1759899390116144
67,84.91406893730164,4.839000684088907,4.923903172041282,4.881504268223866,3.9247471607771076,4.60226280147173,4.275889715380908,3.3555539374467647,3.693967799065839,3.528293381926195
68,87.41656994819641,2.0000202743291853,3.7452128934458173,2.9996220922367796,1.6088455170649871,4.724787539223944,3.524948276976987,5.296164449613755,2.3688002725025337,4.106730656241403
69,84.45502066612244,5.3492286251834384,5.710757488870568,5.532383825339589,1.1233512433045125,0.9018979863088178,1.0190032344628792,5.383717673340307,5.865240933733676,5.628880570057691
70,84.6404800415039,2.145360098128831,2.4774211770061685,2.3168301151544277,5.615120398173896,6.919051682129374,6.2988863426607935,2.2337481359376135,2.448431546917781,2.3432153500303414
71,84.52648639678955,0.6056178958559199,0.6192275497879244,0.6124393290756227,0.4788658186944983,0.49662716703281534,0.4877996720226427,1.1895714923492176,1.2271837198223066,1.208465357684829
72,86.28046989440918,5.507395731363609,6.125797698794868,5.82384726815195,1.245377794554322,1.3044820994705395,1.2751803606992038,2.9465117867772026,3.0592323797147163,3.0032253926946004
73,85.01343274116516,0.5496210881606342,0.605420361394838,0.5781074183277896,0.419657423429409,0.5013797652942069,0.46220100510243106,1.1029016324908882,1.2332026174976183,1.169665001288242
74,84.94596529006958,0.5587183630344174,0.5992131599588182,0.5792566550607938,0.4718795938921508,0.500616523437258,0.4864155598658949,1.2121740520940476,1.2296152872786414,1.2208986475003414
75,85.07505130767822,0.5541414660416066,0.6008559884028704,0.5778981738131489,0.44376599807742223,0.49343553985186095,0.46918113576030007,1.1095754669457738,1.2340839574607243,1.1732885151395338
76,84.44389724731445,3.477675928674231,3.568111599381054,3.5230430903779175,4.242718525136415,4.913222222928972,4.589187738468689,3.734292827151345,3.502763016735061,3.620739675111001
77,84.54126715660095,3.2200323424699437,4.616430568406632,3.9778103077249733,3.74093963386216,2.308045196580027,3.1103620133330727,1.88194142384691,2.7470224364797926,2.353227669968934
78,84.82713460922241,0.5926386488533207,0.6020155244763933,0.5973308807704407,0.4721906445853199,0.5026432364033658,0.48760729460561186,1.1591020732412844,1.2424747640443605,1.201381995601226
79,84.9114785194397,4.686992880514168,6.179191122608292,5.481778576729102,1.8121408647260557,2.3551397262857363,2.100415236757591,1.0572843985207903,1.278859087721773,1.1729702277243566
80,84.79604053497314,1.8204481225049094,1.8807268854688286,1.850739036421419,4.351399599908461,4.702668838543593,4.529893202159237,4.033165575473521,4.560294693916561,4.30398655500819
81,84.29683542251587,0.9618858752044631,0.9886610090094369,0.9753236204857637,1.786693677693077,1.8080611457198772,1.7973758814674394,3.4796594516319392,3.4944462059204704,3.487037634270075
82,84.0756185054779,1.1523856194515794,1.159309741995251,1.155842080354492,2.663080251095035,2.7161102702620044,2.6896433562829225,1.671294581950563,1.6847194899135334,1.677999550603452
83,84.38623976707458,0.5913275908652037,0.6001108114488318,0.5957217074816399,0.47613016432402205,0.4942947691618902,0.48526917181430773,1.169834701438197,1.2283417889959354,1.199353925135565
84,84.49015879631042,5.574945610544651,6.2314754108501935,5.911309377227977,0.6244462949538032,0.6936090284844078,0.6598267466444145,1.466902335116264,1.4305701167114613,1.4489067030891083
85,84.86313104629517,1.4108946795285515,1.4112779193650062,1.4110857155104846,1.7988628000241105,1.8018054998356856,1.8003301675222425,2.8088451326054567,2.8166239746831736,2.8127251261782096
86,84.63354516029358,3.0106588667075784,3.5191159806825545,3.2739808394290733,3.6447349264110924,4.145407262936941,3.9023290202803382,4.277958993350394,4.875306021776871,4.5854393844680965
87,84.34351110458374,0.5295667237594176,0.5996879849421873,0.5656058312501566,0.42006447767297894,0.5056786974854061,0.4647140005624341,1.0691948876858126,1.2318952867795576,1.1531646427946771
88,84.5080955028534,0.5494337445736723,0.6045790144106276,0.577578987691751,0.42987167301406193,0.4955472018804075,0.4637711434196851,1.1056696027593746,1.2331080488756108,1.1709253232815309
89,87.50178933143616,0.5691957954454857,0.5991687869348542,0.5843278164450212,0.45285119832342063,0.49739591318903936,0.4755759864815365,1.172475068100327,1.2322173136171237,1.2026241617785902
90,84.78332424163818,5.16912833979141,5.935658240890519,5.56441411748134,1.291590627202129,1.1215637608858682,1.2098325947244124,2.7121864613225966,2.5188920177568246,2.6176251032162337
91,85.16999793052673,0.5637093829988031,0.5995715944401705,0.5818609813599135,0.4576135449379746,0.49665378499470236,0.4774720306014865,1.1627227100584039,1.2363317453223461,1.1999771151723133
92,84.61959528923035,3.9262916998178685,4.199507525969107,4.064770213853349,1.5923911277464013,1.833978077076486,1.7170623722483422,6.047830662852573,6.330035224533078,6.1901017669090415
93,84.93377637863159,5.093864881522178,5.532950071298984,5.317257745167335,2.8829779326834335,3.3212710935037535,3.109174501365736,3.363804058163938,3.3648445089424968,3.3643227031342247
94,85.01551222801208,0.5638919688780314,0.6003507665799539,0.5823499644521986,0.43396574423651907,0.4965806395429593,0.4662279938615556,1.1115402025364336,1.23382516613062,1.17408532385757
95,84.85643172264099,0.5605869969851,0.6008620582676514,0.5810108734643299,0.4585575036390817,0.493703107526661,0.47639976991296623,1.153930339495665,1.2441636689786335,1.1997550495152698
96,84.65375638008118,0.569189081116476,0.6076756408033703,0.5886870107798216,0.4524817634828222,0.5077620310352883,0.48083087478678904,1.1802645566483903,1.2338897988691437,1.2072914226609843
97,84.64659833908081,4.770428774775857,5.082949089879132,4.928679795799688,1.078834864266493,1.1446404952871763,1.1121220056694694,5.8775836975373315,6.262405547424164,6.072444305065178
98,84.13456463813782,4.378578882437413,4.806438529881816,4.596822908128547,3.856864009699313,4.218767002094233,4.041304885174028,3.7119894001514107,3.8870540046363895,3.8002572170670086
99,84.72829103469849,3.0398173983063232,3.0712662837597424,3.0555333158160667,4.633619201090837,5.057992996081693,4.8497890357051014,3.071140985309121,3.2290693398509918,3.1508487841595936
