3703262
553656946
990132631
712635323
354793637
137655334
830642744
478512739
541923993
835566409
835689327
710381854
27211057
102563942
803552525
581437973
124287906
844328962
502467859
135867373
354136140
311202250
327068935
358612161
822007699
736944181
907280081
901619528
918292378
125573862
701266411
141403357
172389718
370420638
725045431
390606479
87229900
205689005
699724984
901325475
825212216
112980037
469671725
804505238
521250598
211634202
921654701
597470972
66041113
475843067
169845149
502933835
432707278
956292450
146334214
24603660
566486130
168041540
312156000
330351191
949354909
557078210
795444270
70642520
497395409
420985681
4441943
711597802
304011900
215268723
685094333
699782151
663845398
940977589
440223468
790171113
785152849
714969936
584165251
199876784
822142139
300203719
321566907
435166902
174490462
894533340
726529707
341338369
549590626
811455597
415695935
686605123
207403906
517706679
207535232
688108718
894169453
537670735
655131875
788370593
