523388271
127943551
101164682
765418380
906407045
116642019
443012919
236648546
336050014
133185719
707002249
7277719
439603591
627622687
109979852
797404404
20437747
143339333
983684850
392267718
853416916
51111745
798426464
216010648
266818503
429328225
993022080
97622161
432045531
308578009
537586690
470552291
940060715
410333366
895083648
79884656
414756925
845881598
310112105
9098753
710977799
754409771
982822718
567868379
988767588
373109679
216459010
986441071
413843137
909458711
556082790
699205741
7455867
82248581
665275240
262165025
769418052
842859956
149727395
262679788
902627054
897555426
141501456
421635038
267313513
246936373
60038998
245073405
95386284
485856818
151275233
712364497
832994331
198690368
163973779
687211185
805494486
28840212
515621840
634181097
466630318
705630105
593143004
350970638
913322466
867542261
725214472
810810170
881846443
557160387
757856305
729055040
400948374
599542382
914975119
459648579
936399755
352340530
725863021
831754897
