run,time,rmse_c0_imputation,rmse_c0_forecast,rmse_c0_overall,rmse_c1_imputation,rmse_c1_forecast,rmse_c1_overall
0,57.11146640777588,0.0404525135275786,0.04560219962301905,0.043096321865872055,0.008618405407234063,0.01233773973966204,0.010636115852202921
1,57.693055391311646,0.03726987664763274,0.06187600869770929,0.05103961288951269,0.010350831631780228,0.02030427399795946,0.016100508012733376
2,54.43040633201599,0.03842526587277193,0.05774713094007612,0.04901756476237373,0.009146997057651951,0.01988746579516802,0.01546297796511583
3,57.45377492904663,0.03754412754598193,0.04419669367352944,0.04099521439629842,0.005927782541007055,0.0101043823297262,0.008277335023605243
4,54.445146560668945,0.035149308512607474,0.08066920684859324,0.0621553336405112,0.011287534496968898,0.03028434476641554,0.02282640735219253
5,54.16496729850769,0.037720143199236986,0.054978614957427376,0.04711938764352837,0.015932528403945104,0.016075228801158983,0.016003815378198068
6,53.87427377700806,0.04636503341779009,0.07207340121693145,0.06055908662312619,0.00860340032454507,0.019897385576000477,0.015312114244041794
7,55.06194281578064,0.02173528057270189,0.02616494758526327,0.024045435121969657,0.008466114701458492,0.008515480634981188,0.008490756651152283
8,53.55572700500488,0.04544190869723422,0.08933012711564006,0.07080399770717838,0.011474918484389274,0.03217229586950206,0.024123806694767446
9,55.78005385398865,0.04920324502597742,0.10745332250756365,0.08348277740494554,0.011918994933133571,0.03635937452719978,0.027022127279875074
10,55.148067235946655,0.03876327369970416,0.06047767976338342,0.05076134292725325,0.011349604193214928,0.02068598895092169,0.01667021129197144
11,54.99422740936279,0.036221072158396775,0.04276317447070286,0.039617202261602716,0.007920373481850224,0.01075872243127046,0.009442384761892669
12,57.63313841819763,0.032381493470885064,0.07014548522084346,0.054575124584705925,0.013249056259729407,0.029698734187243864,0.022971193266470635
13,55.72498083114624,0.043729629907148106,0.08792158159836766,0.06936988059961034,0.015620937375446883,0.031368244204222566,0.02475555775198621
14,56.918397188186646,0.04145270170334934,0.0816632815682048,0.0646985151061427,0.013830686196838712,0.02478891529823038,0.020055670204104842
15,54.849204778671265,0.042258404410637954,0.06072037336018212,0.052281993893426484,0.012305383812030104,0.014779959698222541,0.013595235923584621
16,56.376076221466064,0.034472838367933925,0.04857425179963286,0.04209623673514407,0.007694931652481921,0.021544238006696345,0.016157113946932342
17,54.97515916824341,0.053783979109748185,0.10674283021152717,0.08444011002441136,0.01699135994876147,0.041286282879928214,0.0315345264485288
18,54.200982093811035,0.036352773896991736,0.07690650580518406,0.060090873369388634,0.011485545702541036,0.02398009601621764,0.018782735507979677
19,55.2090425491333,0.042559817178870335,0.05357038366827034,0.04836231331816976,0.011006176998198744,0.020365144697037034,0.01635482190327761
20,53.86764407157898,0.03654623055391395,0.047631730220053084,0.042435254608011855,0.012647002747358844,0.00914975152349875,0.011043145025280037
21,56.10201930999756,0.03628671961783969,0.08201757746156711,0.0633512231991679,0.010172352893944433,0.030941978291336728,0.023002419092630563
22,56.02403545379639,0.025079899842379114,0.027842144565321206,0.026492744189295633,0.0069338025796556214,0.0066923043662609,0.006814499515202201
23,55.20687413215637,0.04493411254137578,0.05334232541087307,0.049304684948898704,0.008400911083462609,0.009668586475125442,0.009054985157412437
24,55.43246340751648,0.05595615625500268,0.10117529098545477,0.08168658362322487,0.013656544440497211,0.033632751009376384,0.02563903545555593
25,56.31773328781128,0.037015713039487946,0.08941437627876367,0.06835369701639091,0.011450394912660748,0.030528996212851787,0.023028635573083982
26,54.48343586921692,0.03750277073372368,0.06336529330737249,0.0520263943076536,0.010908827585153715,0.02319878143606671,0.018109115381103404
27,56.55736064910889,0.037696227540663325,0.06770405075008123,0.05474938810945641,0.01053454869015398,0.022285746923201306,0.01741306612227213
28,54.31943225860596,0.040014674953080455,0.040124561533065345,0.04006948474895605,0.009765521470388729,0.008864023553364884,0.00932707463370797
29,54.001590728759766,0.04347892480261471,0.10295973796189381,0.07894298474550289,0.013080713926591998,0.03880205067303453,0.028918393030178142
30,55.68444323539734,0.03360747037965552,0.07765805179909945,0.05977025260573116,0.012098567164643905,0.030579403262157964,0.02322733460170568
31,54.03750920295715,0.03131702822482444,0.031384365639255375,0.03135061012403472,0.007882249144577204,0.014292013019290522,0.011531450680111568
32,58.17043972015381,0.04005936557605584,0.05007083776882582,0.04532676113277599,0.010018726380547604,0.01683797728948767,0.013844165193178581
33,55.13995361328125,0.039358846537686655,0.059494263510026055,0.05041074001120427,0.010913624412967029,0.018108783255284568,0.014939623432731771
34,58.13991641998291,0.04619110541430298,0.0863056870473084,0.06915826789819733,0.015325010896368245,0.032424625050061634,0.02533444940995675
35,55.8863480091095,0.03736616081611068,0.06636287775010963,0.053809345931098304,0.008757951472008576,0.019652846931774888,0.015198220788182807
36,54.71062445640564,0.036926605284320166,0.06556338624520619,0.053164784129986126,0.008902485018139446,0.022371060399080104,0.017005975447890544
37,55.42154884338379,0.03145859534707225,0.039465896395570306,0.03567513838642554,0.009315419532935404,0.011310541600673962,0.010358020929382514
38,55.689521074295044,0.046038512337658176,0.09742902186347613,0.07612158195334068,0.01236089614518986,0.031762458349381906,0.024072584552493115
39,54.86167359352112,0.03566865009472753,0.08291231667681097,0.06375442149731816,0.008892562604637784,0.022200690233380328,0.016891702723833158
40,56.55570316314697,0.03287397046677492,0.03317050139293371,0.033022106889564605,0.009270183508113521,0.010872796849280818,0.010100827898311066
41,56.160480260849,0.03716990223204371,0.06849365303331194,0.055057566692390196,0.015288844111366506,0.023438113023856667,0.019775119848732054
42,56.43864107131958,0.03452376078644891,0.07635164157079503,0.05919043680551437,0.01165520715549396,0.025538967197428136,0.019830204136740717
43,57.356101512908936,0.04065093615481193,0.09330153040378729,0.07188777096861766,0.010719756123039529,0.03307454301599222,0.02455390686566218
44,56.535754442214966,0.0358223067347997,0.07142754947553052,0.056450138864505076,0.011505490100908984,0.026921550686295714,0.02067970902748824
45,54.84231901168823,0.03419792357226507,0.03396178229580022,0.03408042528010359,0.011987805188618333,0.007628670234299114,0.010054115370519288
46,57.777793645858765,0.040491840718049114,0.0756056017480529,0.06059330175991851,0.01222345879093894,0.028271236551382133,0.021756048659282858
47,57.430375814437866,0.03229614138727155,0.07327558861614096,0.056563571118548595,0.00972916866250049,0.0265952136412532,0.02000066934711934
48,56.43554425239563,0.03636733206928324,0.06856583385206046,0.0548330689336876,0.011877739100910995,0.0279956790083528,0.02148064965430109
49,54.53698801994324,0.04407269928774978,0.11698109988631791,0.0882904314435707,0.013940966943267423,0.04294505265315724,0.03188642459755667
50,53.54164934158325,0.03515221258777188,0.042165192756381226,0.038806522352583694,0.006107257499343918,0.011089136277417134,0.008944290126089353
51,55.565962076187134,0.05369556508990647,0.11549728129824172,0.08997294375809867,0.017372171699447353,0.04431385087563339,0.033617944556748956
52,56.71728181838989,0.05855741434109075,0.12221686217515591,0.09573421994294717,0.01520824976817784,0.042496734944640985,0.03187756100887
53,57.474700927734375,0.025857487773370186,0.033518999474648536,0.029922531838449277,0.008579326616370701,0.010838171490966043,0.009770725854998212
54,55.01498198509216,0.0420176047063807,0.07447041457709308,0.06041334670038375,0.011114112250094356,0.028265314435652184,0.021451659928347026
55,54.53095626831055,0.04100434581616635,0.05183079948196989,0.046715399360072817,0.011190878229353565,0.011608729351901005,0.011401067363970199
56,53.872982025146484,0.04940277251752498,0.09957356847566882,0.07852466226392428,0.014745914418157374,0.039484838060111584,0.029768397310493633
57,55.31458592414856,0.03437010343002844,0.030701836793025038,0.032593330681191565,0.008398934960113529,0.009706497049802039,0.009074261477838928
58,54.47890543937683,0.03637299431098878,0.08152028152267227,0.06305541144876683,0.009738938742439982,0.02945960142766464,0.02191240377514251
59,56.62725901603699,0.0345547860717631,0.05601315773198654,0.046505122016239867,0.007247671296642463,0.020166655041001447,0.015134718303848932
60,57.157679080963135,0.03379913790921438,0.04341257772654779,0.03888908111606079,0.01219236459016968,0.014310049042570579,0.013290154580739393
61,56.076610803604126,0.0346065326706278,0.07171307126255407,0.05624982888298251,0.011628597459313732,0.022197732012541386,0.017703810767617338
62,60.057021617889404,0.05083026541009831,0.11142244390354386,0.08651025937786119,0.014268637596578553,0.03692786349653435,0.027961108583543587
63,57.43988037109375,0.03980268804092059,0.05598638448598696,0.04854842877651626,0.009751509933071332,0.014468393325285251,0.012330256604744128
64,57.61330699920654,0.03873774431349727,0.07380471665862505,0.058887411941099185,0.009513494670719921,0.026312285715686713,0.019760669285827082
65,55.83908557891846,0.037442759139564824,0.06610014902782052,0.05367469647468041,0.011769655414001512,0.020849843512209476,0.016916235530890614
66,53.2578501701355,0.03483180466313645,0.03499842575319144,0.03491495506654347,0.006409663670646319,0.0048223752974486354,0.0056742678968976935
67,54.448728799819946,0.035075900092931364,0.034900915514130416,0.0349887897550509,0.006024640183967621,0.008678134070485908,0.007466082045426785
68,56.2458872795105,0.04455834186617832,0.09114494015605984,0.07166990785635116,0.01645532961799215,0.03616991635398578,0.028069633783385423
69,55.26290202140808,0.03836731862628612,0.06577614704356712,0.05380362575923089,0.010277195345063838,0.023535264150661258,0.018140188356834563
70,53.327526569366455,0.03681784785882505,0.0496278607314537,0.043675100051196854,0.0070641060699806755,0.01136827739186276,0.009457594100872591
71,56.36128044128418,0.05995188213338535,0.15218003185126916,0.1155249790343606,0.016184384037208416,0.05128906107934591,0.037981068656008046
72,58.248289346694946,0.040279576411910566,0.08484585795476213,0.06634716272087372,0.011806747791971335,0.027951953420993974,0.02143258344611296
73,56.366204500198364,0.03273387073977398,0.07217310836301732,0.055980240299916974,0.008865291902984027,0.02212880605476425,0.016837410752287733
74,55.618064641952515,0.03451492159034559,0.07467837383204601,0.05811401332085206,0.007301190903119882,0.023050550351534253,0.017075510237318466
75,56.33085870742798,0.03409950801094536,0.06579588763210588,0.052354614616234245,0.007863588939727544,0.02234307578948847,0.01672851639509287
76,56.65959858894348,0.036797214054914935,0.06128072543368504,0.050506839192149544,0.012743317869405,0.02731984841012005,0.02129491733969619
77,56.71408295631409,0.05150345979094082,0.12148687917380627,0.0932039520819001,0.01812396424081185,0.04607488062813779,0.034969862896531166
78,53.51411461830139,0.03845125639024875,0.050666325438995546,0.04495655927991475,0.01055590654917326,0.015236906021376893,0.013099892043946378
79,55.35535407066345,0.03144411240155182,0.045450659141920424,0.03905854187531874,0.009504772853064818,0.018666371717563485,0.01479814368261217
80,55.425211668014526,0.034866688566765405,0.08715099046690226,0.06629897035064629,0.01156564288728938,0.03182353858435503,0.023914048885376894
81,56.50010895729065,0.03918757036169914,0.09075991370636098,0.06982889820260968,0.00822827146496905,0.02951012324423341,0.02163388340447643
82,54.56778264045715,0.03321528850565368,0.053937327362119404,0.04475971720139814,0.008456948171699312,0.016688232469272236,0.013216888566499446
83,54.73942565917969,0.03938060650702281,0.07361203282493962,0.0589809885269767,0.010881854783736837,0.022300160368532305,0.017528998788122103
84,56.24529790878296,0.0411169799171275,0.09007117983855605,0.06994074844437391,0.012599080438807662,0.03222532786241522,0.024438371227350254
85,54.956326484680176,0.04693974522293646,0.0923211837941751,0.0731671122066904,0.011630581157990384,0.032005938055426515,0.0240507866490694
86,55.35713458061218,0.029949489259698463,0.027778136104243723,0.028887603237641713,0.0102146263954657,0.010789241437208818,0.010504968458480998
87,53.72829604148865,0.027908917694489836,0.026196607368568964,0.02706897245563158,0.006156575790530637,0.00561764628761168,0.0058941132969339335
88,57.13716506958008,0.033139388274202486,0.06116194812822268,0.04914656989452669,0.0075301516008580375,0.021561644871642274,0.01612972500413237
89,54.85224962234497,0.03956494810929204,0.07251900062252059,0.05836473235089507,0.009109080802409927,0.02511044676732752,0.018865366390158043
90,53.16416621208191,0.046547771342753966,0.0897945837784271,0.07145415849335474,0.011676684554586036,0.02916774038996969,0.022190949266808473
91,56.72936391830444,0.036375137989684225,0.08022600234462583,0.06222312101496823,0.01178339105246862,0.031570078747918374,0.023799641126638144
92,56.610132694244385,0.03278374315051171,0.07489557917292103,0.05774943807502423,0.01296123664529297,0.024988425170790755,0.019887095748617658
93,58.16201853752136,0.0449029187601194,0.10394488129857957,0.079979474507278,0.01207097238220708,0.0354395553155491,0.026440610062241833
94,57.72088623046875,0.02996519163338962,0.056287320297582266,0.04505054048154165,0.011821785572570395,0.019997348357194134,0.016413990260664073
95,56.01053786277771,0.0520215687582075,0.0509471522011226,0.05148883655346799,0.013411963309031459,0.014176913730695177,0.013798548796857709
96,54.32421660423279,0.04089609708491597,0.07684352616718651,0.061498915069085176,0.012401629893126034,0.030123179495865026,0.023009331652634305
97,54.9268159866333,0.04711615165548477,0.09524956567445142,0.07507018051927124,0.012799513537318775,0.030555034517447403,0.02339914105856897
98,54.16359782218933,0.028651099373212852,0.05246684324420102,0.0422352743843128,0.012569297438873823,0.02500163503707819,0.01976883746619945
99,57.94588041305542,0.051111768241541816,0.09322546827244346,0.07511479353769795,0.010529969088077119,0.02867015331780981,0.021571308298676234
