244052256
591663450
442013576
928854607
473570462
225720545
923767287
561878024
670056345
932981595
462178821
475961891
804259511
283939452
888774139
474124620
995545838
145564138
772358608
205875634
949315947
889741900
647278485
102861834
778119499
330153494
273759525
201848014
268545064
247253129
999654321
13273208
300335144
735340060
914025945
260733234
652774700
585408777
41353487
738013555
834817712
379224718
245857298
516022429
37573237
317345613
163772574
662211369
946516940
208513134
930371442
801339698
349609668
232213805
431961325
537739388
878487337
394961951
985801640
791923169
890803598
994221646
86580517
232860177
941871342
812535081
237513696
777295709
254052369
719646132
910543329
442319355
613371186
310003901
654107394
450862224
564174546
292340001
626490338
339453553
797315659
107769982
413229317
944021497
553983584
721191823
236016998
608276179
659924057
160225063
441050857
699233404
4425550
936517371
876935150
934281729
473070635
248061368
911413698
15733613
