238693724
537067487
414705969
934891845
266440378
507040328
628647756
98254391
349239929
912634500
253938710
767151279
828270876
774904518
980954540
382445179
627550961
584341869
408962415
524189838
808445708
986502952
76225030
135048107
172469172
132923080
5137177
65914268
471330302
542109930
208763478
331824634
10395776
488424213
368822423
516438792
412855896
469105773
392462919
791007016
3247000
562287472
264201823
30973576
778491026
471789095
454854380
317262778
691646169
140790494
191711148
203639152
975466799
566086309
677077490
819719732
282832937
604079509
946400081
868443823
558559558
102541426
755911011
717860311
387155273
231191377
28898703
72824159
82598300
470453186
934630618
68633016
763188844
927288861
76712030
55768937
435760447
454368860
334322548
747742465
805795392
380303360
550573822
273259388
380998459
525732488
518793216
775837796
405608883
84226785
751218728
847712733
653543137
136874616
928246846
37563854
281037334
51448935
162403803
647205818
