195633137
309200458
34811368
40364349
140682479
522435080
537600194
598253108
766981049
398033899
137493245
828068224
921746268
879672590
417589024
875255833
349508991
233951370
349879559
279705475
663074241
821450256
565851051
433121390
23208328
848431278
576775351
91741300
694898161
838061390
613755403
583193311
496805748
296133433
456917353
583807088
947510006
955907649
667788807
932465527
85464917
306196046
614918986
474279857
153232116
139134938
251414200
558600586
840477765
124364758
303717250
677538517
598699760
319417470
295460723
215406438
920702709
4201923
997206824
968996062
441413156
533335750
789652701
959046196
913183089
786290734
902458718
430340426
539671308
800194236
646884909
364674935
987486251
513996867
300178147
543517381
54315930
960583584
79467504
37687836
780466746
269895352
961502201
850246545
310294630
997206471
322898563
421556513
840756907
329945614
342069753
317039401
12155116
634658169
300038757
747783958
987935924
325877997
617917982
18803898
