run,time,rmse_c0_imputation,rmse_c0_forecast,rmse_c0_overall,rmse_c1_imputation,rmse_c1_forecast,rmse_c1_overall
0,329.6853814125061,0.27107812696874667,0.27121996083427163,0.2711488322502897,0.303331348510985,0.3059744540316099,0.30465165066149846
1,316.3423500061035,0.2671840031556438,0.35515935757426126,0.3141296685548909,0.33121804281969136,0.49763892225325534,0.42244536451032333
2,329.7391061782837,0.28983273104303253,0.29097050747822367,0.2904004042382784,0.3357329458819634,0.38796158424550053,0.362707218242736
3,341.22737526893616,0.25415526629850954,0.4522688527727189,0.36654196646796067,0.3165271759880063,0.6254810062457697,0.49523190773617926
4,310.1682755947113,0.29195508292005096,0.24811802624107743,0.27099269358603867,0.3429993617032005,0.28997944352683436,0.3176800195107989
5,319.45182037353516,0.2872162616825386,0.5961625809169944,0.46746807177245053,0.3671631925544876,0.8900799221488173,0.6800746276958574
6,333.9312126636505,0.2465071181374026,0.4864078199670463,0.3852340714111224,0.3143477611713502,0.6943789987793256,0.5384154898262343
7,331.25771951675415,0.2557409587300705,0.3870077311847044,0.32780755197346084,0.3144197838021823,0.4622625891456894,0.39508782920243
8,339.22838711738586,0.30810244140651577,0.6407951936005492,0.5022758865124081,0.3802074574182263,0.9489417367231234,0.7220433504346673
9,314.29617047309875,0.26194783478092415,0.3913355240999146,0.33278884981986445,0.3252271937383536,0.5567890867845331,0.45560429584864204
10,343.8310716152191,0.3653542767362169,0.7530420101769899,0.591272049721201,0.46821280086637057,1.112817182717026,0.8527632794761515
11,333.67961263656616,0.2793396999882898,0.6371636989291023,0.4914196810031703,0.37227234447559615,0.9542653214045079,0.7234652399228954
12,306.8442461490631,0.34779332548922287,0.7876569309398685,0.608197229588115,0.48296566132487495,1.1603482309977144,0.887748861834125
13,340.60798931121826,0.28570219959781196,0.6608547520955111,0.5085511329000038,0.3761990214779101,0.897589307846087,0.6874311946199441
14,349.593852519989,0.2797067410821773,0.3136658110321428,0.29711893935575895,0.35394079855494975,0.3782321081746243,0.3662500581464937
15,336.01889395713806,0.26529576309948966,0.605324519909736,0.46683904399869114,0.34719223242882025,0.8671013485456498,0.6597122322513328
16,312.5411500930786,0.3086818612765638,0.3893526565925641,0.351215431752171,0.4221515855282779,0.5583220631479178,0.49473203023615564
17,333.5805039405823,0.2637229003808959,0.5418474562993502,0.4257055686970886,0.3417001141073827,0.7606366507781541,0.5890197045560812
18,355.03965163230896,0.30384470196944185,0.6288878616572044,0.49339490504355116,0.38265742860047197,0.9094283302827381,0.696909693933691
19,337.54536724090576,0.26417525868607894,0.3207312142873935,0.29372948978053526,0.32925232668150817,0.4075039786474108,0.37032889757127463
20,331.1846363544464,0.2820429416156388,0.2557549366781788,0.2692608874509432,0.3302483442278004,0.3053302535312712,0.3180722168764526
21,325.67980909347534,0.29768863593597356,0.43233607083407827,0.37096279071079286,0.3392908453171843,0.6073247691920882,0.4915135970273892
22,326.72418761253357,0.2702555684618902,0.6197638115470817,0.47758569479236695,0.36552309459048143,0.9124865397227149,0.6942842253980537
23,340.84638118743896,0.27714254875696753,0.31547720696186426,0.2968695742622276,0.35840297872252724,0.4066323041912933,0.3832020234949619
24,328.8289244174957,0.36975986328221333,0.7209181866062145,0.5723863379540677,0.483096814739811,1.0754770440322174,0.8328136584177478
25,352.5026214122772,0.26477891989882635,0.26409627685998743,0.26443888196273546,0.3555062424271862,0.34980149526664195,0.35267428959460845
26,347.2823507785797,0.2696285713603301,0.578687011076657,0.4509775304779657,0.3402905308170892,0.843246334492891,0.6422645920856733
27,330.2377154827118,0.3286745486508799,0.6739353088658253,0.5296873481911484,0.43014424076061936,1.0047764230696037,0.7720204115391774
28,334.9592056274414,0.3927667423541094,0.7537810553299586,0.6004840224158021,0.531309942505498,1.158266321530581,0.9001586404153981
29,325.05521178245544,0.285589511856984,0.35872089637987203,0.3241105225441295,0.35802126790873046,0.4521566818114303,0.4076685559596348
30,344.8743131160736,0.24436360005438176,0.3160267247389465,0.282366209787507,0.3140734489561519,0.44924726329627584,0.3873911452703935
31,334.548255443573,0.27089427310943104,0.30183009064381555,0.28673150812703485,0.3283260011128167,0.4103099260161803,0.3714589812957286
32,341.2954611778259,0.241838814865883,0.23997644673387694,0.24091233129919415,0.3164867251557374,0.29202989124903117,0.304542006271568
33,338.6533405780792,0.29404439154367523,0.6133693291709729,0.48051085293077783,0.3903077865960984,0.891114473200899,0.6871775489379977
34,345.3909418582916,0.2520429682772926,0.3547699232433423,0.30756557270221274,0.31534856638451225,0.5178934751561375,0.4284463852183148
35,345.84697246551514,0.2950973101995615,0.649226698544072,0.5037538803350756,0.4139153431106666,0.9546094776820303,0.7349489831068577
36,342.7872316837311,0.2649953100395954,0.34375169457710353,0.3067885164253543,0.32375301688194563,0.4344579018807045,0.38295443360308523
37,329.5829770565033,0.312711394166078,0.2792372043072869,0.2964992084996972,0.3797238439717704,0.33316099809116234,0.3572743037670599
38,324.7970712184906,0.3122943627998005,0.4993004874692327,0.4161465679855097,0.40209362731140985,0.6546924765347528,0.542894983384922
39,318.735897064209,0.3384639261565792,0.6867295993152043,0.540852613303706,0.4906915402019576,1.0817234728668217,0.8390496695294264
40,334.134902715683,0.2517706412851337,0.2618019883089065,0.25681967175015985,0.3094293686791654,0.34265836327521776,0.3264152155472502
41,343.55913066864014,0.2706027019853493,0.6030716013317972,0.4669134229922163,0.3356876559274444,0.8185748685266095,0.6249058472095325
42,311.9639251232147,0.2711681235996531,0.5306867592707015,0.42101800002493567,0.3572264918402648,0.8230040012613578,0.6337325201478262
43,322.67448115348816,0.3121285594931687,0.6797814747627334,0.5283895440996804,0.4258664025853962,1.0063463413706966,0.7718501187278544
44,333.1597080230713,0.30468973830279916,0.599384627023548,0.47500935775303366,0.34146537852295555,0.8212804652769587,0.62823649679302
45,345.8261938095093,0.261199421172253,0.2709374571665823,0.26609782046635333,0.3486424995250302,0.37272720007544907,0.3608483293740173
46,316.6674132347107,0.2909674918966811,0.318746798376295,0.30513016747346755,0.37337146164165314,0.4269849017859161,0.4009916951456146
47,343.2788550853729,0.32684795473241646,0.5479135588644259,0.4507973073249649,0.4705664164561719,0.89207528385649,0.7125453541897472
48,330.271653175354,0.25214763198991125,0.3176319574654835,0.28666378661029174,0.30529057306693924,0.3695626802066148,0.3388537932207513
49,335.8626215457916,0.30633564468415003,0.6366949907104422,0.4991249903430719,0.37270940914290385,0.9246044881363572,0.7041218972078443
50,318.7068519592285,0.2498147349640723,0.34864705760854703,0.3031319125956862,0.3008799649964406,0.4561398809463392,0.38615164908606636
51,341.761109828949,0.2877950328264355,0.4003059669743208,0.3484463142176555,0.3890064949118851,0.5685427993401037,0.4868425861860318
52,326.727108001709,0.2750601659586765,0.34176199884324254,0.3101057778280149,0.3347660655131953,0.45735676559404626,0.4005877032375651
53,313.52588748931885,0.27308376939150686,0.6226534860029633,0.48025860162308226,0.34844202155520243,0.8262387988386046,0.6333774252328461
54,328.14232635498047,0.3082349954505839,0.4620630766217452,0.3925187642955279,0.39120992328724524,0.6942383850410466,0.5630219627388056
55,339.43355894088745,0.3088070491137227,0.6424064253712282,0.5035172588715651,0.3885508100250226,0.908763101414186,0.6981116245935876
56,324.66199588775635,0.26410925676333247,0.40931743700575074,0.34423090444107074,0.32746670534032496,0.5861564381413746,0.47438251235173523
57,352.51263785362244,0.2721788185492496,0.6415196851513111,0.4922283611999165,0.38862354852962505,0.9547820747784054,0.7281028989722329
58,314.1409513950348,0.3007701282042053,0.6663925020171465,0.5164494304206537,0.44012155817708554,1.0480596571573018,0.8029064647114915
59,327.841180562973,0.26429383296246106,0.3524783886910144,0.31138626017830856,0.3231152554220027,0.4922529260611653,0.41610502698820817
60,351.3572075366974,0.26699109247642844,0.4987619019283617,0.3996841150207498,0.3589419469711281,0.7663146993118777,0.5977664701744191
61,341.76761388778687,0.2539302245435997,0.30511088195011,0.28061011651415796,0.3350833885134724,0.40455849860035376,0.37134106483467466
62,325.6400008201599,0.272551758950569,0.4595467965357124,0.3775190349574994,0.3154844165172228,0.6469061848575364,0.5084409468909993
63,341.57076358795166,0.2609008379867264,0.4063084412017864,0.3412136882277203,0.32694437586488523,0.55180231550503,0.4531902830258752
64,343.72122168540955,0.27833842398593195,0.5933567452396817,0.4629735704305037,0.3666991129921169,0.8789046714315358,0.6726641457106529
65,341.9156458377838,0.273224031199111,0.3394129619604604,0.30799854435195934,0.35803628745846183,0.4318744529624956,0.3965626222268547
66,330.3397080898285,0.2586619540671941,0.47209416569055224,0.38032422325167475,0.308071981055661,0.5861291009586397,0.4678039612104167
67,343.9534137248993,0.27565555552049636,0.2776480138291893,0.27665047487566286,0.3346867194595632,0.3487908147089501,0.3417895565826272
68,300.1339921951294,0.29857674260523515,0.2690288685057919,0.28423304795513094,0.32405630961373355,0.3147303501408537,0.319441891165329
69,350.96559715270996,0.2722865030527975,0.2791770751000816,0.27574258041963634,0.3397307350882589,0.34277139556292413,0.3412497157536536
70,342.9960882663727,0.2655545010638416,0.3235941126463452,0.29591030697242837,0.3192680470372365,0.4360582468021326,0.3819712477964437
71,345.65838289260864,0.2639793285556759,0.3432114008017444,0.3060467932636991,0.35105773017062986,0.5162232301092377,0.4411812028198636
72,311.0688498020172,0.2938926775968405,0.3530848614772006,0.32474799701214446,0.3535650652155877,0.4820183247432806,0.42250180398153586
73,351.0921895503998,0.3148505476909761,0.6518809089189297,0.5114022770331803,0.3990650176596541,0.9453619548527136,0.7248013824592051
74,321.96951723098755,0.3149065811986304,0.6101339756943778,0.4850664143867638,0.3733946986890972,0.9157497873164209,0.6985138372306886
75,331.150426864624,0.3518858049387606,0.7595529787641977,0.5913259802330196,0.4803265638493289,1.1454246097672538,0.8773091413066757
76,346.351806640625,0.32219527225727257,0.6231269191745928,0.49558587981670893,0.4013506980830797,0.9241809680448444,0.7117000346249718
77,331.65651965141296,0.2738078583587143,0.2668146757156238,0.27034477271716484,0.3673541094869163,0.30828436977033313,0.33919951648160857
78,339.814190864563,0.2513948203114325,0.3056793573874767,0.27977224487426566,0.3041672197553026,0.37034041611088814,0.33877033048481886
79,341.14210748672485,0.2879511509842504,0.6284432022062936,0.48830558223087905,0.3727523476180003,0.9083252538367589,0.6934917676755342
80,334.6498153209686,0.29193076336149265,0.6325187636863762,0.4920989209009184,0.3782928131408957,0.9447737887331966,0.7188073796653248
81,334.71855998039246,0.3064240053741712,0.6583771338302307,0.5129806464266913,0.4316567546125272,1.008686955640193,0.7749799235241218
82,321.118369102478,0.28207732944643676,0.3452782878626306,0.31516757228439857,0.3653659675980391,0.45293154717848094,0.4113490326692465
83,349.9929599761963,0.29181953271464306,0.6273421372191343,0.4887514964908865,0.3734515866054196,0.8984228239434363,0.6872225271541567
84,349.6897220611572,0.2813838064354167,0.6129157730916063,0.4764026395815777,0.40004931462472787,0.8740071369916909,0.6789870322932574
85,304.07930755615234,0.23955963775293854,0.3098775130841106,0.276850622278211,0.2850235089156808,0.4210611664675097,0.3593269211795687
86,322.02399706840515,0.2821843242930069,0.3032627721746763,0.29288040094158035,0.29546579872192946,0.40592546586033784,0.35484797133414064
87,337.3351755142212,0.28229743886728215,0.5938685669168031,0.4645004245210181,0.37059793302100064,0.863263448984282,0.6635785184035801
88,312.2781825065613,0.2755537324095717,0.2538856919106872,0.2649750384983692,0.3462705540806356,0.33660514290948035,0.34148710111721914
89,303.02564692497253,0.35540415569687456,0.352602591464753,0.35401050874527085,0.3882107419199285,0.4164535971314243,0.40253594941355697
90,319.0347731113434,0.26329144867718457,0.5681768607497484,0.4423559677694552,0.33397683491634267,0.8067953504582973,0.6167572285055858
91,333.427757024765,0.30590232650006366,0.698181561655731,0.538426727592304,0.4074888803492761,1.033694444788004,0.7847802042325189
92,314.1118564605713,0.27172567486253635,0.5130789170939887,0.4101796796835228,0.33135057312096533,0.7426764719663451,0.5744498662976749
93,307.3936457633972,0.2961653611542745,0.5532830642528318,0.4433709907472193,0.3478904157983287,0.7977626560409745,0.61475499064501
94,328.87356543540955,0.3975873193522067,0.7743279296920907,0.6149325185231671,0.48695371771770996,1.1287948695757295,0.8683521990427306
95,350.6663851737976,0.24807323310621363,0.44183325818162345,0.3580087428754096,0.32132264912855796,0.6228345327652441,0.49511830063909457
96,324.65607738494873,0.3269911384224912,0.7707893355723109,0.5914058121337767,0.45890011650459545,1.169340936194876,0.887227113125687
97,345.52667450904846,0.2770631803587585,0.3267732727546355,0.3028624007063406,0.366679913790879,0.4670659704305654,0.41972850943888074
98,342.5685384273529,0.29235469375183504,0.6751054939980023,0.5196561961478906,0.37235593823308716,0.9445778230689207,0.7171222394269398
99,322.9356851577759,0.253420816816316,0.36775118862702166,0.3156277908255042,0.30939957297846,0.5255530464150621,0.430912905283236
