487540597
72445012
507216753
546441480
6019023
250836094
555992244
568839133
615742026
484066241
883640009
621914922
43813352
464509705
522322827
529622551
838313330
929636907
566616586
268188354
102161214
822778995
43545414
60982313
354102862
247753120
443250570
933016819
84035231
120408167
392270370
320520411
454282230
777073732
37222787
514935214
258479476
807237514
923232960
999431669
274471270
492901253
529274759
162995841
94435798
230558703
33211243
96687697
453204842
837515942
774521307
427552267
606049767
93255848
729484040
45406088
666740604
735960263
777437699
788629714
827777620
351351425
960529012
299078603
487826491
995590822
300816372
626254
931488255
822055954
91736097
797917007
789700339
307707958
520205447
111172930
494280541
759679884
646471299
587457752
900749365
918423322
981798075
873451513
345435069
176624843
589922099
855332524
314623278
826767972
912964167
486522614
750403587
419648567
388044298
998331310
790339005
922223190
74859496
764533377
