run,time,rmse_c0_imputation,rmse_c0_forecast,rmse_c0_overall,rmse_c1_imputation,rmse_c1_forecast,rmse_c1_overall
0,24.95044779777527,0.030740264078357647,0.04224257282547475,0.03692413587129519,0.03669208119975443,0.04555667650848271,0.04134881045219981
1,24.786189317703247,0.03724827380929919,0.06811394829654542,0.05484894154073166,0.06681046638495163,0.132180595962292,0.10462988287339188
2,23.291316747665405,0.04686698325759906,0.1081901179057838,0.08328263313634221,0.04774369037345411,0.11968546439582595,0.09101248959633366
3,23.782395362854004,0.05554891934122142,0.11562018147415558,0.09061367606501641,0.05561696480717572,0.12268144312640977,0.09514917896432684
4,23.09015440940857,0.05292954935891206,0.06206072099187463,0.057661942692388314,0.05789934759522391,0.10693102355767135,0.08591100326313864
5,22.828248023986816,0.0485846925117479,0.03220688432366733,0.04124244069069675,0.03880746905957411,0.05951589940360112,0.05020865899168209
6,23.362696647644043,0.04548946102264181,0.05803079773756617,0.05211919059551149,0.0645291571397939,0.10231723790150894,0.08547861766470269
7,23.184110403060913,0.0351167857822923,0.13653248104232066,0.09954917556802603,0.06779205565025144,0.20526547248781707,0.1526642324242259
8,23.14477562904358,0.05587584534931758,0.28111246410198315,0.20237325960191982,0.04965131658999203,0.3207700647341115,0.22917878096707112
9,23.03499722480774,0.045457879804724335,0.27242761007604205,0.19501083818214918,0.04460959272108778,0.3234272132789997,0.2305162735019973
10,22.92048168182373,0.028001500154732167,0.04049704923662351,0.03479531986187498,0.040946289142618233,0.07561801784036017,0.06075398306903287
11,23.18325924873352,0.05223590889437016,0.28020999096680466,0.20125869702908344,0.04700356244641707,0.37654220472675554,0.26791654921147834
13,23.341598749160767,0.042766975299533036,0.14327954290545278,0.10559305398204515,0.044132473126286945,0.15930268374573864,0.11673052430082632
14,23.207090377807617,0.048373576041829014,0.042924727516292636,0.0457388502487427,0.055090705898251296,0.05551890448727325,0.055304552633235464
15,23.58705711364746,0.0366580913842781,0.08024133510243389,0.06231619250566528,0.05589465889603937,0.12179808651404536,0.09466389299302731
16,23.36382532119751,0.05832499579058432,0.05776366814011369,0.05804588483860562,0.0285057788345359,0.0348001359272619,0.0317992731666218
17,23.175841093063354,0.03344467968978544,0.06919528769139584,0.05429135823097705,0.057569802850527076,0.11612063293385441,0.0915603686782822
18,23.491235494613647,0.07403675425520571,0.14601188812015595,0.11565373490338693,0.05745757852920338,0.15622986104579129,0.11756570673434581
19,23.42932629585266,0.05125825988709379,0.07697519041410356,0.065354095957586,0.042743091127985786,0.13219372923679737,0.09811576216463556
20,23.16740918159485,0.02221821592357255,0.03304201952885204,0.028138593183557634,0.04656424226027852,0.05162852448912759,0.04915375902280195
21,23.120201587677002,0.059729032748706556,0.38603830796873667,0.2758078972127948,0.058544974527834144,0.5005240372367972,0.3557963279310897
22,23.6049702167511,0.048433149329784896,0.31197731850999666,0.2229122211390836,0.07898724040654975,0.42677154047425053,0.3064514419264563
23,24.09719491004944,0.07535833430304349,0.5343689020342837,0.38102304981007695,0.09625030830678648,0.8146152491385457,0.5791475212193017
24,23.506714582443237,0.054780101588615376,0.06021537081475249,0.05755346763770195,0.05811767151668985,0.05580115601367334,0.05697479643204958
25,23.35480308532715,0.05702310256903293,0.053111101836570626,0.055107919401070654,0.035932830092721364,0.05241919856479503,0.044913266131356336
26,23.715917825698853,0.057322773835081116,0.32076639991832323,0.23007247466474637,0.07313032322956636,0.4652108210719334,0.33249932611399163
27,23.525425910949707,0.05246409919966162,0.3168216371869552,0.22674248448528433,0.04300344231087988,0.4086265203344513,0.29009525755018056
28,23.382124423980713,0.04689897034109786,0.08521757667623481,0.06872327734178031,0.051557613369551614,0.051335310921012255,0.051446928481009103
29,23.502277612686157,0.04851082308757611,0.055755876547930266,0.052247796124534854,0.05910454695391404,0.06607813963060556,0.06267754169320244
30,23.862999439239502,0.043499117123286524,0.052948716455633676,0.0484401720325149,0.035039645088483805,0.06940247637160266,0.05492403843718277
32,24.15162181854248,0.05719591242236112,0.07264684661585427,0.065355515842091,0.061741688146494084,0.09332216120958478,0.07907530084775369
33,23.585310697555542,0.0497871074985932,0.13004538766720622,0.09835038424946428,0.07504913485189035,0.20705864855475412,0.1555468438820611
34,23.378100872039795,0.05530043716688878,0.055659890799882705,0.05547989519671832,0.04223703330620938,0.04010343888110007,0.04118737722878208
35,23.244872570037842,0.053222378868636046,0.2650241017434911,0.19086698407189798,0.05355459351190875,0.37936581073175807,0.2705061031934153
36,24.22134494781494,0.05922649707799463,0.06649411907550867,0.06295394920784575,0.051502638561176095,0.13166742652737398,0.09985762137864236
37,23.56309962272644,0.03682568127595475,0.04581140997069907,0.04154818185615022,0.0432874623279146,0.06279580863306392,0.053901163751594226
38,23.856961011886597,0.05116909269830988,0.043275653931724105,0.04739926519184836,0.04482553669951221,0.07407351217491175,0.06117753034034518
39,24.016369104385376,0.056148065372526694,0.054363050632064425,0.05526554554424832,0.03547635130888693,0.031012800509622695,0.033326339723885934
40,23.672559022903442,0.04871848239810177,0.06596468541435035,0.05795976503151785,0.051308385156725755,0.11257531068416715,0.0873912801112106
41,23.504047870635986,0.06563471089693947,0.09311261504246919,0.08051175514500773,0.037342276676134614,0.06901240228379475,0.055437641795576025
42,23.636678457260132,0.038401340881580294,0.22484983231738714,0.16105776014392126,0.049693066015327365,0.29114012802649974,0.20853729873971888
43,23.188259840011597,0.03401140712240499,0.1145232206566585,0.0843655411868097,0.04376469743430508,0.11721310807082236,0.08836692795539042
44,23.21259570121765,0.03178980049132273,0.10337538596057072,0.07637708724649996,0.0483078985083471,0.1553279604300624,0.1148750125204244
45,24.28849720954895,0.034820887026133444,0.10145189426945017,0.07575187932519026,0.04223296592038148,0.1254545153468135,0.09348525191338468
46,23.22196626663208,0.0632870479029198,0.06848243306811896,0.065927844580566,0.034141135904307014,0.05029304245144851,0.04295787917234235
47,24.76649308204651,0.04971405588487073,0.06267725580345952,0.05654815186759806,0.035744697173301226,0.06731650738020072,0.05384727942799648
48,23.313318014144897,0.05596918285547764,0.30433796906821253,0.21848954981747654,0.09200578984716572,0.4445579737933964,0.32055229915268835
49,23.399978637695312,0.1252010713958753,0.5253336183121676,0.3813396222937641,0.13945888410167595,0.6858610534930063,0.4941909124107331
50,23.392823457717896,0.04685304144828941,0.06764789914714218,0.05815508666767566,0.04171090729321926,0.05677919055902264,0.04979484398952292
51,23.10006809234619,0.04146411996935496,0.05507486663693184,0.0487258700415827,0.03878508809170329,0.03883175643950681,0.03880835658843836
52,23.097625732421875,0.029377054243395376,0.037068477695829355,0.033432703040786875,0.04939909355832782,0.07029870153193066,0.06072225547441573
53,23.08757758140564,0.041247652635874286,0.04327544307934572,0.04227055050789937,0.03964597161286579,0.09227892727905446,0.07094213254651352
55,23.582427978515625,0.06492910834257554,0.06069923568830406,0.06285635111019672,0.04353304162258195,0.035890534990003456,0.03990706181614564
57,23.51421856880188,0.047628069127525,0.09280700934905052,0.07369466910028127,0.03374148581852478,0.0971787861579962,0.07265098539609469
58,23.71689534187317,0.05014374936455377,0.16142264773857393,0.1193698548873836,0.04746891068852219,0.2182036728803958,0.157678206080465
59,23.184864282608032,0.05042931159610327,0.08709476060919503,0.0711087351839897,0.040012490309084395,0.09793718130109146,0.07472549009584721
60,25.547765970230103,0.056797671107237886,0.0717190680787427,0.0646669397141398,0.07459647815798931,0.10489759365671963,0.09097031435150403
62,23.13690972328186,0.027915236570953877,0.038982500849434734,0.033886496877827375,0.0327433368208901,0.04074719900434707,0.036950154998420595
63,24.3680100440979,0.045337975002007404,0.05515378133407922,0.05046978626763349,0.05293819849656696,0.05948971299756205,0.0562991305100197
64,23.286913633346558,0.03234887588319758,0.05483068798302885,0.04498193158430592,0.031334746649930516,0.06454724168891711,0.05068674510474704
65,23.769389152526855,0.0551992489572027,0.0718933686396198,0.06406638699207504,0.03562926923224475,0.056866635815282285,0.047419086684566625
66,23.876472234725952,0.030039880467802926,0.12989688927034487,0.09414309046997989,0.05792239152796737,0.20211771246539778,0.14847518546830024
67,23.869551181793213,0.05181994764663639,0.05467436092191835,0.053261833154543296,0.04045409896129542,0.055171886312088164,0.048353318031148056
68,23.13085174560547,0.04819041471241521,0.06740009346973562,0.05855839546906439,0.0478438379782952,0.06484068424721139,0.05695340445092842
69,23.100353002548218,0.04120983867449011,0.22850516525172324,0.16394433432279507,0.040381845913983465,0.30858959509037676,0.21973467264174953
70,23.10039496421814,0.06653421598970041,0.4661367478853813,0.332450872121388,0.08958194017402328,0.6552878909574018,0.46696597423364294
71,23.40635585784912,0.030417640037454417,0.04479493941229647,0.03826519775893917,0.045897764868226575,0.08677354873108552,0.06935185419801357
72,24.83054757118225,0.04857229125843441,0.33078143830309903,0.2360530832382147,0.04478998787606343,0.46080659425336296,0.32687429250079963
73,23.74405789375305,0.04329135107646684,0.14859246500459286,0.10929527895429454,0.05987200551425473,0.1838677838298017,0.13656109849837222
75,22.84510064125061,0.06184252082256633,0.13357057874742662,0.10397579396530385,0.03694414007659461,0.15355867303974852,0.11152562196374412
76,23.00151228904724,0.047122245715214006,0.13848438080630973,0.10330925157549538,0.04506190475449694,0.18401012647588147,0.13377433548877612
77,23.15296697616577,0.05137976604987231,0.2830047585488302,0.20308900858253404,0.04436006480027561,0.3996761686402814,0.2839166688977626
78,22.907779455184937,0.05422400216572405,0.1603590496660828,0.1195498175297632,0.05104452492524676,0.21091778995017627,0.15323411492221817
79,23.027299880981445,0.04628249493286938,0.1549196827138221,0.11417986654985755,0.03474594054037337,0.22843675037006678,0.16314384044739028
80,23.903898000717163,0.040270135401247555,0.11424134275559,0.08554870715131335,0.054381548141712796,0.16588567013487243,0.1232860398455952
81,23.38369631767273,0.03723002390606336,0.16347220210649369,0.1183856068298417,0.03962916858821798,0.20804698094757146,0.14953940953705475
82,23.350536346435547,0.05230913289079238,0.17899651037192166,0.1316903715737752,0.059267963722300615,0.2772777907635213,0.2002087621941657
84,23.580230474472046,0.050213803665615495,0.0419575133496962,0.0462829866162326,0.053804696587679106,0.0821007707633872,0.0693667856397789
85,23.20955181121826,0.05254759303922038,0.11481623874062562,0.08919515799927981,0.049876628078531125,0.12833915799904747,0.09724982247348089
86,23.494605541229248,0.033233915509991746,0.04888778956566858,0.041776215510313824,0.035478122897584154,0.0520446471212359,0.04451306283591475
87,23.76878333091736,0.04637096793436344,0.04633536417558291,0.04635322493089949,0.04871645788483388,0.0539499502344946,0.05139171409548463
88,23.78149437904358,0.08718229766012911,0.47559269158221634,0.3414002071499897,0.10457581637919254,0.6443816655261202,0.460925350114473
89,23.333096742630005,0.04308168782499707,0.049126392447238244,0.04619360293207866,0.053390890685524155,0.06451303700563593,0.05919642711258954
90,23.698718070983887,0.04544427481808563,0.09194505877920885,0.07245403169917665,0.053531537420576945,0.10697368651952853,0.08450524587836039
91,23.59859347343445,0.025216760717320475,0.02186268507109289,0.023604596426292698,0.0401978041091305,0.04356448266042318,0.04190971902691902
92,23.21705651283264,0.0424755069838184,0.1866206239889279,0.13514538528213732,0.06438118621148257,0.26519110393831963,0.1926980620150764
93,23.47698211669922,0.04533950585114867,0.04660478045640253,0.04597452522104151,0.038355519816087306,0.049711347456177134,0.04438044882974225
94,23.54204297065735,0.037691499867430485,0.05386050368437478,0.04645961406579656,0.04943166933464973,0.08579449385264937,0.06996022695878432
95,23.4062340259552,0.032763112890795164,0.030769041765040174,0.03178482470428189,0.04799676523223501,0.050345724957583625,0.04918161170678884
96,24.819724082946777,0.05787551659227446,0.053680607460946946,0.05582401312080381,0.03543441721711057,0.03895255504858564,0.0372295863007538
97,24.55676245689392,0.043438027411189746,0.03984834342377134,0.04168743260964741,0.03068419873788647,0.05304856957204912,0.0433003293600983
98,23.534377336502075,0.03585924504584313,0.14649933824233466,0.10650137897352496,0.05401572318792328,0.22024889387356839,0.16013313653782388
99,24.79681968688965,0.057099960217276154,0.3106815558538672,0.22303911858246578,0.05956685779924288,0.41920720437825104,0.2989535785897051
