943409699
82492237
881952435
587741231
87888451
422782136
769789891
46716280
260997688
624487283
899166774
333060454
908143703
796948415
977741479
419702417
55082885
117608525
549735328
511726317
331547835
762128402
598007491
282596942
733393923
611438026
292982641
130869308
394223748
608659610
280087129
636649498
663941400
11415041
459164355
379100883
402211632
924261542
28746260
995240838
438119569
160784092
831454858
158988505
959606940
519855665
625540305
481824922
99118428
909993214
672922991
651846215
679050952
490262309
685282542
301025779
958928518
154270528
999239369
254731349
632770279
337150781
478466383
258670378
461079159
409513473
25177670
893678569
758205496
555963694
705314238
187953063
717353253
571440283
521853036
575043664
906625311
404283450
146636028
738251073
250800074
229754667
742592111
219574909
734258003
493783435
24207106
674401794
394598947
961255049
967822884
596297582
556145232
31321198
688684592
212698114
368513698
89208819
25696897
351205507
