771505734
515025609
369163255
607641382
540332468
175385697
671575044
286173511
237168429
200736410
847441628
471651793
958687447
703734749
308432318
472233422
482861325
559377673
74090490
56601822
736786882
885946166
379507215
183739091
769411101
783470379
905398740
427441524
776758501
337187232
42999478
252960649
411557218
284740443
221122593
656704741
422932004
72518925
409791584
559968587
400090812
135784696
597582686
554492376
523296964
616383097
635590232
677188242
781706134
692216426
184376458
525007514
282366450
161507646
58347839
167197244
648202825
603636562
362909009
126101490
464678094
256295028
635013863
925444294
460689427
265130373
772874943
895069612
594619691
608726780
527289780
847203111
377558302
233326771
203468631
81513313
208990212
347900116
76071012
558205
72240257
829521601
890217553
467129224
791796811
470975837
23243256
828397393
583391649
208770856
687643078
425910177
881574073
929295559
790236702
500194281
416324804
491383698
727499651
695835447
