run,time,rmse_c0_imputation,rmse_c0_forecast,rmse_c0_overall,rmse_c1_imputation,rmse_c1_forecast,rmse_c1_overall
0,25.279510021209717,0.1203264750848112,0.10968440106490429,0.1151450258716122,0.047492310630948095,0.0552205763275889,0.051489604510256776
1,23.65221881866455,0.08236008129612424,0.08000695774384477,0.08119570963674011,0.04854449459363985,0.04667387512253412,0.0476212844061022
2,23.334310293197632,0.1390217893740008,0.1215268093127702,0.13059483831831747,0.04445186581813857,0.04573618051051816,0.04509659489253775
3,23.865609169006348,0.11006412766242255,0.10582182871713784,0.10797042362380535,0.048156440781634724,0.057998365371345784,0.05328976659165775
4,23.500311851501465,0.09274333091801441,0.08815254868009088,0.09048420953791343,0.051013871565658564,0.05674404464916242,0.05394616811230374
5,23.520379543304443,0.09319780941959124,0.11301239607417361,0.1035492744266609,0.050700375675512915,0.0685916573386967,0.060285548350405394
6,24.825165271759033,0.10215442468352959,0.08728129639153945,0.09503243774188642,0.05010415347402969,0.04529979812999318,0.04776989533983886
7,23.418601751327515,0.13625505112553507,0.15629665139882748,0.14658754510839378,0.0429255300006023,0.039871280758481155,0.041431316355188486
8,23.32360053062439,0.10417325433158908,0.17784652084234936,0.14563091197652783,0.06084139039168885,0.0786017730316463,0.07025737810384977
9,23.37029004096985,0.10987810824822825,0.15405446705330125,0.13373416693519422,0.04161543320620594,0.05144399445314979,0.04677328029738592
10,23.60560131072998,0.09952226480552376,0.1590147955428832,0.13255653592131783,0.04893841798008403,0.07111338996614788,0.06100733439012525
11,24.049472093582153,0.11026308439322843,0.11273220795562307,0.11150063501283486,0.05442454695448823,0.07403080828460419,0.0649413042713005
12,24.194556713104248,0.1223316130659549,0.19147130300559306,0.16055948104788784,0.06578419922763044,0.08665126757455327,0.07689633851083287
13,23.620571613311768,0.13083004371499268,0.12899111083153994,0.1299166953586149,0.04638301919788631,0.0425146433473777,0.04449691380276192
14,23.37088632583618,0.10654251685761928,0.11905199524205337,0.11295108227715735,0.04514220438739138,0.03831127173673145,0.041876891376382744
15,23.306742429733276,0.07942783315605789,0.14067209142371745,0.11413900442567372,0.03453171693962447,0.03470487195610688,0.03461813299724054
16,25.614086627960205,0.11947396599704367,0.11091606092985445,0.11528777765600676,0.07532604211371706,0.07660719374609229,0.07596732313762504
17,23.49104332923889,0.11150830399066726,0.14041186476329787,0.12674168644831532,0.0773298226911025,0.08421421675049845,0.08083461879694853
18,23.55842423439026,0.07420705761837504,0.06967238365702197,0.071982501304112,0.038043024493199934,0.0390071483658584,0.038526600654240614
19,23.515491724014282,0.12004418478682018,0.11030246291101987,0.11529143549151998,0.05385578871317006,0.05134980093502126,0.052621617965493736
20,25.413206815719604,0.11325817285481904,0.11053846070143412,0.11191081528895709,0.05676271769802782,0.025073677867322706,0.043924789759268945
21,23.679489850997925,0.10834968154073302,0.12750900825138275,0.1182880448836164,0.045641388834093806,0.03736252316345802,0.041720709809505756
22,23.282951593399048,0.12212436926159782,0.1696504107125561,0.14773696957120483,0.052832658180816984,0.07397459529773467,0.06424631758982734
23,25.41462016105652,0.11573977826533544,0.15681088714164215,0.13775064147870567,0.05210568300915685,0.07310203445235056,0.06344572446972156
24,23.33871102333069,0.1300566916796024,0.11457333467219356,0.12258383200576156,0.05140016081537996,0.043833788567732346,0.04777877319256409
25,24.987916469573975,0.09338445555830786,0.14583709423033214,0.1223724333114424,0.06433905950481045,0.08951216861258636,0.07790981246228544
26,23.44645595550537,0.08855104775880113,0.08405743623278243,0.08634047994740061,0.02718964502754362,0.028449090914229577,0.027824532984183015
27,23.364314079284668,0.08626399473741045,0.09554080688159539,0.09100623181583335,0.039686382017444566,0.0384610776779688,0.03908044085065924
28,23.41889238357544,0.09329925539152852,0.08755746418163667,0.09048285918021207,0.04270181840841571,0.037340538616137724,0.04011918475906456
29,23.358941793441772,0.13203610069101007,0.1203589135373636,0.12635066572994708,0.05066395155344123,0.051467840856469146,0.051066225912652245
30,23.8452730178833,0.0993400398169146,0.08713546256142397,0.09345619892915845,0.04494643255381111,0.04494585816036146,0.04494614625269768
31,23.4971706867218,0.12924683955285252,0.14890189452554348,0.139390617485125,0.07300918596479666,0.05785946791494922,0.06589474811746915
32,23.355836153030396,0.11605920407153708,0.11307943451527559,0.1145836471787511,0.04776230401870612,0.053090791305319615,0.05048859118964742
33,23.345908641815186,0.11851965633605631,0.1315005321868133,0.1251582765354261,0.04420707272477494,0.04889302791473787,0.04660168657415062
34,23.51872968673706,0.10848468633619228,0.10356495066421313,0.10606101099724646,0.04093596863561681,0.04598981528552262,0.043528427908994805
35,24.742124795913696,0.11187743642260004,0.11391809058802603,0.11289919557140014,0.03974677193333562,0.03988716612913882,0.03981681222692967
36,23.35419511795044,0.10765801368318735,0.0999645095507776,0.10389448308687128,0.07177892070565965,0.07381709840206244,0.07280196775362456
37,23.170387506484985,0.09440824753444606,0.11090482988268258,0.10296175795856391,0.04529615849809686,0.03433235665641951,0.04020679303191898
38,23.78104877471924,0.0901203002351076,0.09819882801274091,0.09423358996801008,0.05016704834267891,0.060764937618229084,0.05570210022063407
39,23.82696294784546,0.08994960797102325,0.1045048830617714,0.09747662618202306,0.0476322342805908,0.049401234957742006,0.048522041463794
40,24.47862434387207,0.10056427468266617,0.13449289954895424,0.11869428928028235,0.03870443418902977,0.04024589961979016,0.039480289619209914
41,23.336719036102295,0.10164817363340127,0.13282496555843745,0.11822023878815215,0.06390811249217615,0.07473095881031482,0.06951362703685228
42,23.370513677597046,0.11077345113343445,0.169168854428096,0.1428949482657655,0.045893882202410655,0.05583107735759661,0.051089179497865324
43,23.507972717285156,0.1514714625283287,0.1233838858446292,0.13818689727183653,0.08162335370138546,0.07628979301804957,0.07900989870515816
44,24.697864532470703,0.12244095710932475,0.10837562152751781,0.1156442325969048,0.07206981546155006,0.06756203249221679,0.06985931353967381
45,23.05439305305481,0.10933008866972768,0.13239270666096226,0.12137448292462837,0.05601345972867935,0.060332446327192375,0.05820629837580274
46,23.515432119369507,0.11631285281333217,0.27101743846672577,0.20831761746792957,0.05728891331817648,0.1287002863586166,0.09950981647069328
47,23.644007444381714,0.11508785543154194,0.11881370754350237,0.11695981504110302,0.040044218448457715,0.046691327344183395,0.043484614541340116
48,23.181441068649292,0.09751411799350429,0.09680482140231353,0.09716122176822495,0.0395080619220865,0.05278327639849597,0.04660013112267295
49,23.461101770401,0.09717563902076343,0.08640333892499548,0.09196413008331919,0.033507986466704255,0.03332174118888883,0.03341528368684384
50,23.852647304534912,0.08863008790542315,0.126885771525609,0.10938374434472065,0.03080332423271907,0.03715054179025826,0.034114981088977044
51,26.359037160873413,0.09951269431299063,0.07921304633091032,0.0899688430403132,0.03418488509513516,0.03107000202160177,0.03266943990564844
52,23.48281240463257,0.0953778939273351,0.2230826605733475,0.17137112010200056,0.04610126469911423,0.08706167922827222,0.0695991044028647
53,23.36929726600647,0.11945415176936222,0.1287683919069454,0.12418411859691196,0.07698069607607658,0.0959905547286441,0.0869769241793454
54,23.509577751159668,0.10034329549695933,0.09040263561755323,0.09551785293154903,0.03468479317450366,0.025222302637427273,0.03033945763413726
55,24.529539346694946,0.1289487127245494,0.12787657235948757,0.12841543144901607,0.044503312034443174,0.047831010908269925,0.04619195377832675
56,24.19293999671936,0.10156803808415212,0.16241945137744648,0.13536266267968391,0.028502802746516117,0.06489143862705304,0.05006356648410107
57,23.801452159881592,0.11330500854073242,0.09111911821134798,0.10284660281661813,0.04552734832222246,0.047203701521413705,0.046370489617253444
58,23.21186590194702,0.10900029765853975,0.11405101053967663,0.11154637676047477,0.027511936838734156,0.028469815839620046,0.02799348165550564
59,26.389222383499146,0.11478405439048442,0.12299048721867545,0.11894528223558552,0.05309527799600706,0.05662183006412779,0.05488139401194682
60,23.479154109954834,0.11623626567520721,0.1431210309662683,0.13033183987240002,0.044655328335355335,0.06043699716189069,0.05311102619732581
61,23.719290018081665,0.09418907933487873,0.10376168611706389,0.09907615011057351,0.06063726902235268,0.05397518612958065,0.057413316384630424
62,23.923291444778442,0.10691190415421356,0.1566602351055347,0.13403681641167065,0.03905578925692281,0.06038204242376858,0.050817021645834896
63,25.64427375793457,0.15145921808427412,0.16142919426705798,0.15650808520164197,0.044436308741389784,0.04371576565811383,0.04407863186995596
64,23.368972063064575,0.08186195213568616,0.14048262612726417,0.1148828601747507,0.04680939712866878,0.07932608907447193,0.06508060687171036
65,25.722038984298706,0.09036019613755172,0.07877378222563497,0.08478319013923846,0.03942897610653048,0.03963161932892306,0.03953011192428131
66,23.513063430786133,0.09530067117344579,0.16407374558729332,0.13406498778252884,0.04731890442919809,0.08082650721031724,0.06617637991876978
67,23.858127117156982,0.11964722714024432,0.1139194460992851,0.11682736584724976,0.036285824412540836,0.03428006063665644,0.03530031544083429
68,23.339804649353027,0.12780713988526612,0.2172426803912355,0.17809114379810562,0.050911165570526606,0.07622834404526561,0.06477916238560152
69,23.53162693977356,0.09827065711572863,0.1131966003228527,0.10597348610369466,0.037610020989751275,0.03884299063108256,0.03822955624866803
70,23.67696452140808,0.11004592822380871,0.11104910817170965,0.11054709354961927,0.0323218831896453,0.0391594854975978,0.03589322231905105
71,24.234971046447754,0.09232466147035351,0.08252546458121804,0.08757748879146961,0.027443633436719045,0.02524325772097498,0.026369833448490348
72,23.70734739303589,0.1181416711037094,0.13142120473568233,0.12493731082616409,0.04131251174405633,0.06460154231765718,0.05418670811755984
73,24.324954986572266,0.10292315482983226,0.08894628271188018,0.09621063174555511,0.029645263354224686,0.02007071260669715,0.025329410131975448
74,23.295939445495605,0.13486759977644183,0.14369168491120343,0.13933576777899165,0.06058832827241659,0.03319564233276317,0.04889222480088865
75,23.39386248588562,0.10135697574783085,0.12746956386214456,0.11511540241876558,0.0330137062633183,0.045880792272173586,0.03994865118934998
76,23.083685874938965,0.07988966396686663,0.10238219069782395,0.09179242768266574,0.045944453532244384,0.05802186260314458,0.05231404059908695
77,25.028746604919434,0.09167000044510212,0.08664658016113176,0.08920148362584254,0.0403620170617268,0.05655240808590067,0.049103865297544
78,23.482248783111572,0.10780050097216042,0.10390172261017615,0.1058751322280647,0.052021235148926565,0.04286872830635588,0.04767935780521122
79,24.65499973297119,0.11225935500838796,0.11844934729042453,0.11538622490841066,0.044502154571517814,0.03943442189096444,0.04205258925291222
80,23.895484924316406,0.10928090708962963,0.08072405176466337,0.09611345493829102,0.04634111965535114,0.03886910389520857,0.04278019444274298
81,23.462440252304077,0.1001218411998442,0.13363397171842573,0.11802122176087348,0.04360469391126684,0.05427521354554508,0.049213384673963266
82,23.652448892593384,0.14825992805374943,0.13457877185900172,0.1416059794058394,0.03778880483072752,0.04611346894348915,0.04214421612834963
83,23.32506537437439,0.1291519494728927,0.11444510394579435,0.12204316540420161,0.04559595719747455,0.040639491221322356,0.043196591853484824
84,23.362085103988647,0.09529161459928621,0.09535804808924597,0.0953247336525878,0.03623680076634727,0.03625868281224021,0.03624770935631547
85,23.297253608703613,0.11400336644979944,0.2020424738646509,0.16390736477211956,0.047467275079955636,0.06999101842685557,0.059764718346081595
86,23.906341791152954,0.10111348887713492,0.10107299216882462,0.10109330562975409,0.03598818910640842,0.03224660544277478,0.0341744690092979
87,23.942857265472412,0.09282029209074179,0.0974053095949892,0.09513328509366656,0.046726703206408655,0.050552033453262736,0.04867100582586278
88,24.972434043884277,0.10320252487692168,0.10581756931528366,0.1045141529241101,0.06048204269048026,0.06683424602938474,0.06372744500736983
89,24.07669973373413,0.12770318530495867,0.1281053279761463,0.12790378829590487,0.04252050602996056,0.0476535816827403,0.04515205043146162
90,23.57986307144165,0.09763388657597995,0.08519828985434975,0.09164662392270378,0.03616074841999133,0.038071512801070725,0.03712544910821647
91,24.359530448913574,0.08257286890586261,0.10627268400595417,0.09512680839659973,0.033881436436746286,0.029484098250930468,0.0317657978106229
92,23.495784759521484,0.1118068964079269,0.13853948281258996,0.12584339824731558,0.04115666269176569,0.048864893393619296,0.045163519495746304
93,23.29392719268799,0.1067938717271866,0.10191705740020963,0.10439154295866801,0.0597941015767903,0.06497820175145114,0.06243190783924556
94,23.4136803150177,0.12106133541852963,0.10369330738119151,0.11273932212209235,0.06899847052734295,0.052777042380573076,0.061450626305553105
95,25.977692127227783,0.12019684891497733,0.20690790025846217,0.16907069758554338,0.052118363698143606,0.0746413600928097,0.0643380228273267
96,23.48684549331665,0.13301236466973812,0.21226045182781084,0.17700501127763593,0.0495132892340118,0.08923118484637457,0.07209924778251355
97,24.17386531829834,0.10134316640242555,0.09280781760252019,0.09718253658543272,0.060624624505718455,0.06340224134509895,0.06202465678295963
98,23.47043776512146,0.09708127194325962,0.16991709842340874,0.13826787587486894,0.0546149436724659,0.10845658375398524,0.08578540227542149
99,23.736750841140747,0.12631734537190287,0.11993585899795361,0.12317787450263586,0.044663058733763604,0.031583534958340986,0.038700227734150626
