996576627
873304880
498592555
846950510
841378451
976228174
585692977
12139522
310406815
652476332
870680858
447008519
164916572
80912208
760605790
662836574
228245339
579381536
275821183
95868205
445808350
992437786
911335341
687025536
584723669
810046248
652402722
112795306
728493235
996611167
223418328
138463624
358248628
929181121
798365024
444684617
548316077
183180264
38006847
16794375
320393199
50735490
970596315
723679681
145600098
843744267
706736955
233312441
690109493
441162747
478687768
982630131
978525548
289645162
26799316
959860520
129316343
505954774
599821744
851384653
740788208
416315915
292853832
598892928
982456736
876437752
293776966
626629541
150859922
922039938
127600070
545307268
867154646
875428455
553463222
554635703
558694858
310451938
726217681
875972931
561629767
1883609
780507575
710516788
380318623
453627092
468587550
712790155
739291594
676259223
578365510
997934331
624369203
827232613
911889567
701964651
357749346
194104949
15399836
500953116
