6962715
874619651
219540236
18454130
789026321
648291770
428664074
836408589
812062807
752339602
373922758
347658713
137637038
364635268
241225296
969716632
273409678
464976034
838724837
207070932
227556046
465910638
457720367
52793047
477601082
315573214
421937308
318549840
476522220
259842858
843412304
302962309
959193353
774953144
386106701
641758997
622390780
359246177
278202166
272009434
691373531
952250827
667790211
397638230
1638643
329583206
466249302
570548979
383521073
451195890
343253685
917552732
248903766
632659914
493250256
700644112
842616628
244156858
602237941
998322726
276984951
291420513
79086684
186798861
507986206
422101332
201768680
375227059
169400971
420493691
353875828
472374890
139705366
540370339
228019063
806971408
448061549
232466269
610015611
164923710
940078476
52787042
559335743
206536867
595204293
594566624
192692695
506551138
879109764
64925803
597213158
989518698
212458565
321790571
890478547
753557482
57569236
512267465
975161600
458198780
