132223888
3818684
730741489
315936496
184026073
930087166
107896397
34492080
548557552
551985070
916283427
29076837
647079255
914726207
940514880
24849870
523469768
276850021
392080118
277364680
698766913
280632199
485415022
242172480
344928676
988568797
479627024
870695518
903452968
741503253
275759189
569295644
494908683
515599290
485339413
963135554
973022909
239375884
126797322
346966033
704786610
660474790
144178456
107250893
582430016
930153537
19605173
848444741
166302762
455580878
239520169
913349524
871723420
545938118
935658708
406389838
627167440
181493641
78218774
148720371
778885819
171733169
749364138
837690168
925344816
368419220
163461682
321377901
220702827
349525720
407653742
835059149
203644926
650431023
588435788
355642775
761401746
131043266
453961580
376619678
968206298
558556545
455999169
770611401
877438502
397804628
91718515
606690006
389987848
546935327
811371085
357166637
386292865
562631588
653185792
698680808
656425399
419312831
70735334
317744548
