run,time,rmse_c0_imputation,rmse_c0_forecast,rmse_c0_overall,rmse_c1_imputation,rmse_c1_forecast,rmse_c1_overall
0,171.9174234867096,0.11748307108461714,0.1311386876213548,0.12447700751288404,0.06149535123571098,0.06057667946384796,0.061039174622228236
1,166.17420554161072,0.1295705219357355,0.15120204395202072,0.140768706698302,0.05814707512133724,0.07681384876224095,0.06809405798932851
2,166.18527841567993,0.10367354619132535,0.10466686209366612,0.10416984089240151,0.04271106589731594,0.04564844232591843,0.04419958645191065
3,165.83866572380066,0.11168486948062796,0.08478797808929661,0.0991941881960453,0.048446463430383495,0.039043120674011514,0.04401129401777522
4,167.21851015090942,0.1052970377236354,0.11747958752611064,0.11153578988262408,0.02468095796815509,0.028337553837482283,0.026566545652685822
5,166.75368404388428,0.10699308496572724,0.09264985622121219,0.10010104076624181,0.050385051967837,0.051200823671514045,0.05079330488213509
6,166.66174602508545,0.11300339000611763,0.15710515435011113,0.136774789017403,0.049352081059201816,0.08041807538650332,0.06667134224656733
7,167.28407788276672,0.09720515769841623,0.08581037240159636,0.091702669913997,0.04671603814891604,0.03683689074480464,0.04208275287095199
8,166.38821363449097,0.1168786881252866,0.12007585028006904,0.11848307366365975,0.04722810312609645,0.05143009045369226,0.04936727895730594
9,165.68555784225464,0.10303674601534016,0.10931196216041106,0.10621093376954312,0.041434951148894276,0.045127775863272074,0.04331498298791166
10,166.7456202507019,0.10677800589000515,0.2674630778783865,0.20340932164001183,0.03823635848586343,0.10400180885519068,0.07825999634527668
11,165.86782836914062,0.10250372698871259,0.11303441274712474,0.10788123468535261,0.0420975060745834,0.0648431815783718,0.054631769721804516
12,165.7074522972107,0.08985969782170944,0.11000779961917351,0.10040900420767208,0.03732346476417679,0.022603849184744892,0.03087655272961226
13,167.08225893974304,0.09608565172936712,0.12588455615236327,0.11193473125771883,0.056836290860688074,0.054600586050900124,0.05573313239382305
14,167.1096293926239,0.14073161612794968,0.2608242706699893,0.20938535967426405,0.0661124577210188,0.06390815049595798,0.06502307904634823
15,170.5605788230896,0.07551265913728436,0.08349571969535456,0.07959190430814894,0.03480568855786571,0.045249242584633025,0.04035049794252062
16,166.45140385627747,0.10485567978522341,0.10791872469115775,0.10639345465563796,0.0386402631265205,0.039734570860049716,0.039189532221857684
17,166.85009789466858,0.08496494910268759,0.09482653014795166,0.09001552628144086,0.05416544171343196,0.049135457134506455,0.05171946887499782
18,166.97598838806152,0.09066896817791321,0.11281950624414239,0.10231095029338921,0.04875375637542187,0.0556965862774843,0.052329625227760405
19,167.135080575943,0.11381516720213053,0.16475304085820835,0.14151546235486734,0.025295484908847976,0.04061014717432238,0.03380755317566204
20,166.71046566963196,0.12206702001715887,0.14119043155913077,0.13194584478319138,0.041752590971118844,0.05541365177211056,0.04903986374306967
21,169.75831580162048,0.09056989949660452,0.11783452787940821,0.10504804021262729,0.02828060647933198,0.031647911463557915,0.030006285590633845
22,169.418292760849,0.11469182276798041,0.16532306969088528,0.1422001492709158,0.047005299240318356,0.052296070498974744,0.04971287783809844
23,166.57244491577148,0.10018650053531984,0.14510981465631012,0.12461914874068603,0.041372766564442984,0.05030468214810516,0.04604191518788452
24,167.25826287269592,0.10382036191067837,0.14348463956011664,0.12517178428414039,0.027527247343340038,0.040055738677067444,0.034348026235267184
25,168.81173944473267,0.10492227202701634,0.170437068413997,0.14142361495476355,0.05168116612926152,0.07852174871162342,0.06642936462330895
26,169.31293630599976,0.08605002407588755,0.08510806486462334,0.08558180765712349,0.047896257721267425,0.04976143280440406,0.048834845433584434
27,168.90726733207703,0.12507557315822737,0.12063726732084679,0.12288337278814863,0.061370662400763214,0.05547534362939863,0.058506486337767664
28,172.68847608566284,0.08682185108441984,0.08045351197666556,0.08370818359488724,0.04509263708271484,0.041759475749541725,0.043463211906803176
29,169.67268204689026,0.09317980552567591,0.08126674831943355,0.08744493884124248,0.05364633954585751,0.05745015947926392,0.055574877812527596
30,168.02743673324585,0.10470219978073546,0.08625711730710786,0.09595262815249492,0.06447877092512748,0.0691951295473292,0.0668711964218108
31,170.28683042526245,0.11649787024899039,0.11194191881675752,0.11424970285680974,0.06542405945222649,0.08795436491765106,0.07747745658819007
32,170.81968188285828,0.13036543162145067,0.10238298178706122,0.11725551167983057,0.04147659910020768,0.04631528795170064,0.04395503847046812
33,170.50715351104736,0.17342501080212055,0.1298765784406278,0.15327313427085945,0.03303627889732943,0.033147210553117035,0.03309161841801052
34,168.31157088279724,0.09805335043324462,0.08025512139096848,0.08962485862530309,0.0661188846318417,0.05320253605430612,0.06002923448005519
35,169.48856163024902,0.0828606133807146,0.09031195399788235,0.08665480496604662,0.07572762033105822,0.07131659621490413,0.07356204859159599
36,169.27173852920532,0.09951356203671897,0.14412803210921465,0.12377797850501523,0.04680161731852239,0.0687012862392259,0.0587468217397668
37,168.93408870697021,0.09553021345940933,0.07358039299078512,0.08529847482664256,0.05551802539456827,0.0457026512713158,0.05086294599762874
38,168.63495182991028,0.09930431788894864,0.10619920234210285,0.10279884250093087,0.06092120519482767,0.0580640387305806,0.05951422058440338
39,168.69533681869507,0.10277687341156465,0.10343098807455348,0.10310343060308065,0.06509537477055456,0.09835441108114759,0.08334885376563758
40,168.73454689979553,0.10323465757198368,0.19180802815418047,0.15389331240611764,0.05850827152647207,0.06857210770856295,0.063723495000851
41,171.05826377868652,0.08477212758972816,0.09285234204579823,0.08889150655425505,0.03925042590405248,0.0537881335372661,0.04706137289508393
42,167.54060888290405,0.10007239268214568,0.08819852275633043,0.09434094387265839,0.03301436176074642,0.04796631743283194,0.04115181446238065
43,167.94753527641296,0.09657723519819117,0.11411023452737228,0.10568065160281107,0.04627082570558493,0.04762404850168528,0.04695020489567011
44,166.11209154129028,0.0944107691989891,0.07948692369326135,0.08729160665162461,0.03502301731579603,0.033212092559869476,0.03413238772172526
45,166.0856704711914,0.0938648265892923,0.10427792945580455,0.09919189628157522,0.06467628937972722,0.09835447638609573,0.08318509728490575
46,168.45561051368713,0.09414020077197334,0.15768616487835121,0.12976411641370614,0.03565800134564051,0.03914797673017193,0.03743824138943351
47,166.12505841255188,0.09768267798154107,0.10381655714427838,0.10078673706148066,0.043524713519934095,0.037701166079734255,0.04072623357202775
48,167.2280478477478,0.10731225301657059,0.10557021029845824,0.10644750877070393,0.053813507209521466,0.04590747350354629,0.05002922020401089
49,167.01770401000977,0.08089779140517185,0.08566170449879118,0.08330638747194517,0.03906132200292143,0.03502042097303008,0.037102219192668436
50,166.25805401802063,0.07908198229214312,0.11099159130411236,0.09631769993681663,0.05502820857467844,0.05328115842630639,0.054164448942539946
51,166.47848272323608,0.11656778735334596,0.11095224740852548,0.1138034060667954,0.051886182937773126,0.04480419661571858,0.04848569491502055
52,167.84051036834717,0.1349591780279597,0.11746284209692726,0.12654101598152345,0.06872947849602229,0.06921798814033016,0.0689734048854533
53,173.62405920028687,0.08772991203594126,0.10383613778809786,0.09609596536729596,0.04142602982426059,0.035560423387252876,0.03861389921757486
54,171.10332441329956,0.12140360954126203,0.14809247131343126,0.13536581878622286,0.04301639075151249,0.0452428915724406,0.04414021370823133
55,171.7016179561615,0.0918051039946235,0.11306522374060678,0.10295230252949174,0.03342127176333438,0.032490146634007296,0.03296044769050815
56,174.71430444717407,0.07677574259450735,0.13204553358059387,0.10792261749754578,0.06380246632900373,0.09928511682505575,0.08339742736288945
57,169.73770952224731,0.1141185893042936,0.10228340641369749,0.1083811015243179,0.04910719876944794,0.04935696676159394,0.04923185211103948
58,169.52540063858032,0.11771787481050638,0.12380071914704666,0.12078811906262363,0.04448840701767245,0.07909794685242087,0.06411855712830217
